«кордон»:22
дню:10
эш:3
qs:3
сво:31,57,86,73,75,63,35,10
антитеррористическ:10
захоронен:10
ремонт:0
строг:84
09:85,0,21,1,42,75,76,34,19,10
коагулятор:87
бригад:87,84
от:0,56,85,65,98,47,41,31,21,57,86,51,42,73,58,43,52,32,74,87,62,44,53,75,33,63,95,54,22,45,64,76,96,46,97,19,34,84,26,35,10,30,40
тогд:56,11
политолог:11
план:0,11,87,26,10
gilyaeva_a:52
ном:10
primavera:98
престарел:10
малекоддин:10
направлен:0,56,65,85,98,47,41,31,21,57,86,51,11,42,73,58,43,52,32,74,87,62,44,53,75,33,63,95,54,45,22,55,64,76,96,46,97,19,34,84,26,35,10,30,40
же:56,87,55,76,84
 основн:86
техносферн:11
останавлив:30
лицев:34
arabic_centre:52
контактн:98,95,76
хокк:3
тартмас:3
“эконефть”:3
80нән:3
трансфер:75
вспомогательн:32,33,22,19
криоген:11
зада:35
собчак:45
год:0,56,65,85,98,47,41,31,21,57,86,51,42,73,58,43,32,74,52,87,62,44,53,75,33,63,95,54,45,22,64,76,96,46,97,19,34,84,26,35,10,30,40
«фундаментальн:10
факультет:65,56,98,85,41,47,0,31,21,1,57,86,51,42,73,11,58,43,52,32,74,87,62,44,53,75,33,63,95,54,22,45,64,76,96,46,34,97,84,19,26,35,10,30,40
марафон:10
зарубежнефт:10
недостатк:35
тог:87,75,76,84
возрожден:10
получат:76
oksana:52
егэ:11,52,53,45
экспо»:10
регулярн:55,76
прот:75
посвящ:55
аритмологии»:10
выступ:87
объявля:85
процент:87
брюс:10
бавл:10
информац:0,56,85,65,98,47,41,31,21,1,57,86,51,11,42,73,58,43,52,32,74,87,62,44,53,75,33,63,95,54,22,45,64,76,96,46,97,19,34,84,26,30,40
координатор:73
галимнәр:3
повар:0
справк:87
учен:65,0,56,85,98,47,41,31,21,57,86,51,42,73,58,43,52,32,74,87,62,44,53,75,33,63,95,54,45,22,64,76,96,46,97,19,34,84,26,10,30,40
цор:42
97:56
ортопедическ:34
әйбәт:3
мероприят:65,98,86,11,62,63,54,26,35,10
закупок:32,33,22,35
map:2
kpfu:65,85,56,47,0,41,31,98,21,1,57,51,86,11,42,73,58,43,52,74,32,44,62,87,53,75,63,33,95,54,22,45,55,64,96,76,46,2,97,19,34,84,26,35,30,40
илов:10
санатор:32,76
сша:10
автономн:64,26
үзләштерүгә:3
ант:75
тапкыр:3
лучш:65,87,63
бесплатн:42
моющ:76
«работ:35
гул:0
бытов:76
единств:56,85,65,0,47,98,41,31,21,57,86,51,42,73,58,43,32,52,74,87,62,44,53,75,33,63,95,54,45,22,64,76,96,46,97,19,34,84,26,35,30,40
отметк:95
никола:84
государственного автономн:26
компьютеризирова:84
ввод:87
соискан:65
8610:21
99:10
поручен:76
льготник:11
develop:2
интернет:0,56,85,65,98,47,41,31,21,57,86,51,42,73,58,43,52,32,74,87,62,44,53,75,33,63,95,54,22,45,64,76,96,46,97,34,19,84,26,30,40
аккредитац:85,65,56,47,41,31,98,21,57,51,86,11,42,73,58,43,74,32,52,44,62,87,53,75,33,63,95,54,22,45,64,96,76,46,97,19,34,84,26,30,40
остаёт:10
защитник:10
провед:75,76
пушкин:22,10
получа:52,45,35
банк:21,10
непосредствен:95
дат:21
«рол:10
столетия»:10
среда»:10
06:45,76,34,19,35,10
сверхнизкопроница:10
белгечлек:3
сегодня»:10
лин:35
снабжен:32,33,22
менделеевск:10
ispring:42
чехов:22
четверг:10
переводоведен:11
лобачевск:56,65,98,85,0,47,41,31,21,1,57,86,51,42,11,73,58,43,52,32,74,87,62,44,53,75,33,63,95,54,22,45,64,76,96,46,19,97,34,84,26,35,3,10,30,40
приветствен:10
вакансий»:10
луиз:52
разда:76
аудит:32,33,22,35
127:95
дополнительн:0,56,85,65,98,47,41,31,21,57,86,51,42,11,73,58,43,52,32,74,87,62,44,53,75,33,63,95,54,45,22,55,64,76,96,46,97,19,34,84,26,30,40
компетенц:0,56,85,65,98,47,41,31,21,57,86,51,42,73,58,43,52,32,74,87,62,44,53,75,33,63,95,54,22,45,64,76,96,46,97,19,34,84,26,35,30,40
братство»:10
доверия»:10
язык:56,85,65,0,47,98,41,31,21,57,86,51,42,11,73,58,43,32,52,74,87,62,44,53,75,33,63,95,54,45,22,64,76,96,46,97,19,34,84,26,10,30,40
геофак:56
«тнв»:10
вам:11,95
университете»:95
животн:75
докторант:34
съемк:19
род:84
икътисад:3
николаевн:0,35
помим:87
322:10
есл:85,57,42,87,95,45,76
потенциал:3
һәркемнең:3
стоимост:11
meflova:52
утвержден:11,10
60:56,34
чтоб:86,42,87,63,76,84,30
журналист:20,65,85,56,47,41,31,98,21,57,51,86,11,42,73,58,43,74,32,52,44,62,87,53,75,33,63,95,54,22,45,64,96,76,46,97,19,34,84,26,30,40
français:56,98,85,65,47,41,31,21,57,86,51,11,42,73,58,43,52,32,74,87,62,44,53,75,33,63,95,54,22,45,64,76,96,46,97,34,19,84,26,30,40
посмотрет:11
профессор:0,22,10
осен:86
субъект:10
русск:0,11,95,34,10
incididunt:3
тот:57
тро:56
7п:58,22,3
настраива:42
достоян:98
служб:0,32,33,22,19,35,10
цельн:35
«открытие»:10
воврем:42
обсерватор:98
 действ:84
33:85,63,34
диспетчерск:0
брак:85
«корпоративн:35
совет:1,32,33,22,76,26,3,10
адам:10
12–14:10
bachelor:2
полев:56
экран:87
mathemat:2
образц:52
среды»:10
польз:87,35
виде:11,3
стоматолог:85,86,11,34
тем:87,76,35,10
госкомитет:10
21нче:3
gmail:52,96
декабрист:10
шо:10
инфраструктур:56,85,65,0,98,47,41,31,21,57,86,51,42,73,58,43,32,52,74,87,62,44,53,75,33,63,95,54,45,22,64,76,96,46,19,34,84,26,10,30,40
63:76,34
подвижн:87
исемендәг:3
барлык:3
lida:52
420021:22
facil:2
елабужск:56,65,98,85,0,47,41,31,21,1,57,86,51,42,73,58,43,52,32,74,87,62,44,53,75,33,63,95,54,22,45,64,76,96,46,97,34,19,84,26,35,10,30,40
подвед:35
мост:10
ткрыт:22
зап:1
хайрутдин:10
председател:10
дворец:10
сююмбик:21
тула:3
въезд:42
для:56,65,98,85,0,47,41,31,21,57,86,51,11,42,73,58,43,52,32,74,87,62,44,53,75,33,63,95,54,22,45,64,76,55,96,46,97,34,19,84,26,35,10,30,40
ира:10
стандартизац:32,33,22,35
доминант:31
«об:95
реальност:87,84
«интеллектуальн:10
период:62,45,76,26,10
заверен:95
попа:75
талгатович:84
мобилизац:75
посл:85,76,84,10
кияс:10
инноватик:11
потеря:45
524:10
радиоспектроскоп:22
educ:2
dolor:3
систематик:55
ближн:0
арабск:52
пок:84
коллективн:0,56,65,85,98,47,41,31,21,57,86,51,42,73,58,43,52,32,74,87,62,44,53,75,33,63,95,54,45,22,64,76,96,46,97,19,34,84,26,10,30,40
организ:98,76
on implementation:26
локальн:56,85,65,0,98,47,41,31,21,57,86,51,42,73,58,43,32,52,74,87,62,44,53,75,33,63,95,54,45,22,64,76,96,46,97,19,34,84,26,30,40
中文:0,56,98,65,85,47,41,31,21,57,86,51,11,42,73,58,43,52,32,74,87,62,44,53,75,33,63,95,54,22,45,64,76,96,46,2,97,34,19,84,26,30,40
00 :10
brand:2
ахмадулловн:54
одарён:52
визит:10
дело 19:85
nikolay:2
экосистем»:35
свет:87
70:56,0,11,54,55,34
формир:57
директоров оа:10
тәрби:3
магистерск:10
чс:32
технологии»:22,10
машиностроен:11,34
 тел:96
водоснабжен:33
делопроизводств:32,33
закирзяновн:0
эндокринолог:34
энгельгардта﻿﻿:98
0:45,10
420:0
айдар:63
голуб:10
получ:86,75,55,76,35,30
эб:32,33
competit:2
лекц:98,86,55,35,10
цб:10
and:73,64,2,26
ефимовн:21
прораста:31
математик:56,65,98,85,47,0,41,31,21,1,57,86,51,42,73,11,58,43,52,32,74,87,62,44,53,75,33,63,95,54,22,45,64,76,96,46,97,34,84,19,26,35,30,40
чернышенк:10
осуществля:86,51,58,75,63,45,76
лид:35
празднован:10
геофизическ:32,62,22
55:22,10
нгт:10
дә:3
график:0,85,11,62
заседан:85,98,10
сут:35
дел:85,11,34,35,10
не:57,86,42,52,87,62,63,95,45,76,35,30
разработк:56,11,42,32,62,87,75,45,84,35,10
завидн:10
teams:42
наработа:30
ссылк:56,85,65,0,98,47,41,31,21,57,86,51,42,73,58,43,32,52,74,87,62,44,53,75,33,63,95,54,45,22,64,76,96,46,97,19,34,84,26,30,40
то:56,57,42,45,76,84,10
допуска:52
межд:35,10
хәзер:3
тысяч:75,76
«интерфакс»:10
дк:10
4 000:45
242:63
при:56,0,85,11,52,87,45,64,76,35,10
перейт:56,11
2019»:10
святител:19
вц:10
пят:0
случа:85,57,87,45,76,10
карта»:26
цунаев:10
одр:10
личност:57,63,95
сформирова:56,76
316:10
нефть»:10
татарстанц:10
интенсивн:84
диссертац:55
«сколково»:87
48:10
xxvii:3
ipsum:3
кинопоказ:63
ecologist:2
человек:57,87,76,84,10
одн:57,42,53,84,30
населен:10
зиятдин:0
100:0,56,85,65,98,47,41,31,21,57,86,51,42,73,58,43,52,32,74,87,62,44,53,75,33,63,95,54,22,45,64,76,96,46,2,97,34,19,84,26,10,30,40
поздравля:57
отраслев:75
блог:20,0
http:21,1,52,95
корреспонденц:19
web:11,10
20:85,63,45,55,3,10
вокал:3
наход:87,96,76
техник:0,11,32,62,33,34,84,10
больш:98,86,87,76,35,10
летн:11,10
закрыт:87
имеющ:52,45,76
бүлекчәләр:3
«формирован:10
неотложн:84
35:0,1,22,19,10
еркин:10
шаймиев:10
эквивалентн:95
модератор:10
стресс:32,62,22
туриндустр:52
viii:10
правонарушен:0
җиңел:3
валеев:10
законодательств:95
соблюда:84
дефектологическ:11
реальн:87,84,30
проявлен:10
образова:26
долгосрочн:10
мутыгуллин:54
сотрудник:20,0,56,65,98,85,47,41,31,21,57,86,51,11,42,73,58,43,52,32,74,87,62,44,53,75,33,63,95,54,22,45,64,76,96,46,97,34,19,84,26,35,10,30,40
детьм:45
товарищеск:22
студентов :45
нормативн:41,0,56,85,65,98,47,31,21,57,86,51,11,42,73,58,43,52,32,74,87,62,44,53,75,33,63,95,54,45,22,64,76,96,46,97,19,34,84,26,30,40
мир:42,58,35,10,30
полномочн:10
германск:11
инвестицион:10
universities 2013:26
багаутдинов:10
отправ:20,1
целенаправлен:30
исполнительн:26,10
творчеств:65,0,10
докупа:76
ма:75,76,10
ершов:10
теб:42,45,35
продемонстрирова:35
задолжен:45
класс:0,56,85,65,98,47,41,31,21,57,86,51,42,73,58,43,32,74,52,87,62,44,53,75,33,63,95,54,45,22,64,76,96,46,97,19,34,84,26,35,30,10,40
kskfu:1
пользован:0,56,65,85,98,47,41,31,21,57,86,51,42,73,58,43,52,32,74,87,62,44,53,75,33,63,95,54,45,22,64,76,96,46,97,19,34,84,26,10,30,40
город:56,31,86,76
petroleum:2
берс:3
кружк:53,63,54
симуляц:84
процедур:85,51,11,95,84
академическ:45,76
важн:11,53,55,96
максатл:3
обществен:56,85,65,0,98,47,41,31,21,57,86,51,42,11,73,58,43,32,52,74,87,62,44,53,75,33,63,95,54,45,22,64,76,96,46,97,19,34,84,26,10,30,40
подведен:10
формалаштыруг:3
хот:11,87
astrochalleng:2
каса:96,10
места»:76
документ:0,56,85,65,98,47,41,31,21,57,86,51,11,42,73,58,43,52,32,74,87,62,44,53,75,33,63,95,54,22,45,64,76,96,46,97,34,19,84,26,30,40,10
республиканск:56,10
«современ:52,22,10
кундротас:10
энергетическ:11,32,62,22,34,10
боровск:10
«абсолют:10
chemistri:2
приближ:84
корп:95
создан:21,42,58,87,75,26,35,10
успешн:75,35
укрупнен:75
«дубравушка»:10
возника:26
сможет:11
нигматуллин:10
фарит:0
лист+прописк:85
аккредитацион:85,0,56,65,98,47,41,31,21,57,86,51,42,73,58,43,74,52,87,62,44,53,75,33,63,95,54,45,22,64,76,96,46,84,19,97,34,26,30,40
4–5:10
стал:87,75,84
казначейств:32,33,22,35
конструкторск:11
главн:56,85,65,0,47,98,41,31,21,57,86,11,51,42,73,58,43,32,52,74,87,62,44,53,75,33,63,95,54,45,22,55,64,76,96,46,97,19,34,84,26,35,10,30,40
сознан:87,10
межрегиональн:11,53
составля:56
jalinga:42
сми:20,0,56,85,65,98,47,41,31,21,57,86,51,42,73,58,43,32,52,74,87,62,44,53,75,33,63,95,54,45,22,64,76,96,46,97,19,34,84,26,10,30,40
сатторов:10
university among:26
sed:3
odo_kfu:52
лев:10
проходя:85
стол:10
русфонд:75,76
тәртиб:3
монд:3
292:0
размещ:85,76
контакт:0,11,51,42,54,55,96,84,35,10
как:57,11,42,87,75,55,76,19,84,10
развива:75
подписан:10
халык:3
счита:35
тво:42
тел»:10
госсовет:10
тормыш:3
«камаз»:10
подозрен:76
85:45
имплантолог:86
 30:85
заведений»:10
эшчәнлег:3
приём:85,11
площадк:42,35,10
«тнг:10
пада:87,84
эшл:3
микроскоп:41,65,56,98,85,47,31,21,57,86,51,42,73,58,43,52,32,74,87,62,44,53,75,33,63,95,54,22,45,64,76,96,46,34,97,84,19,26,35,30,40
оформл:95
залеган:55
виц:10
казахстанск:56
erasmus+:51
пород:55
антрополог:11,10
31:85,1,34,10
попробова:63
наземн:11,32,62,33,34,10
lobachevski:2
тирәс:3
достижен:0,56,85,65,98,47,41,31,21,57,86,51,42,11,73,58,43,52,32,74,87,62,44,53,75,33,63,95,54,22,45,64,76,96,46,97,34,19,84,26,10,30,40
оригина:95
адибович:63
отдел:85,0,56,65,98,47,41,31,21,57,86,51,11,42,73,58,43,32,52,74,87,62,44,53,75,33,63,95,54,45,22,64,76,96,46,84,97,19,34,26,35,10,30,40
почащ:98
фирм:86,10
фонд»:73
бел:10
төрле:3
окончательн:76
содержан:11,52,55,76
07:0,75,45,76,34,10
27:85,0,11,42,45,55,34,10
возложен:10
патентн:0,56,65,85,98,47,41,31,21,57,86,51,42,73,58,43,32,52,74,87,62,44,53,75,33,63,95,54,45,22,64,76,96,46,97,19,34,84,26,35,30,40
реализац:22,76,26,10
03 медицинск:85
столов:0
осипов:10
v:10
physic:2
эксплуатацион:32,33,22
ифмиб:85,86,10
valeri:2
сезон:10
панельк:87
биофизик:85
здравпункт:32,33
тггпу:22
каримуллин:0
kazansummit»:10
«точк:10
го:32,10
межвед:10
гендиректор:10
​жела:54
нефтегазов:98,41,56,65,85,47,0,31,21,1,57,86,51,42,73,11,58,43,52,32,74,87,62,44,53,75,33,63,95,54,22,45,64,55,76,96,46,34,97,84,19,26,35,30,40
ленар:87
управлен:56,65,98,85,0,47,41,31,21,1,57,86,51,42,73,11,58,43,52,32,74,87,62,44,53,75,33,63,95,54,22,45,64,76,96,46,97,34,84,19,26,35,10,30,40
нууз:10
антресолях»:98
исәптән:3
коллектив:35
учредител:21,64
нача:56,31,42,75,76,84
астрономическ:98
вклад:45
күпләр:3
comput:2
гимназ:31
способ:87,95
родовспоможен:84
nic:95
institution:26
может:52,87,95,76,84
руки»:86
квалификац:56,65,98,85,47,41,31,21,57,86,51,42,73,58,43,52,32,74,87,62,44,53,75,33,63,95,54,22,45,64,76,96,46,97,34,19,84,26,35,30,40
близк:87
tv:56,65,98,85,0,47,41,31,21,57,86,51,11,42,73,58,43,52,32,74,87,62,44,53,75,33,63,95,54,22,45,64,76,96,46,97,34,19,84,26,30,40
буста:98
разговор:63
class:26
лидер:10
клиник:0,56,65,85,98,47,41,31,21,57,86,51,42,73,58,43,74,52,87,62,44,53,75,33,63,95,54,45,22,64,76,96,46,19,97,34,84,26,30,10,40
февраля 2021:31
этнолог:11,10
половин:11
ил:0,51,52,87,95,45,76,3,35
проф:35,10
global:2
давлен:87,84
221:10
министр:56,84,10
festival:0
волжск:31
program:0,2,26
вмест:32,62,87,33
магистрант:11,45,10
home:55
студентом»:53
первичн:85
all:2
опубликова:34
english:56,98,85,47,41,31,21,57,86,51,11,42,73,58,43,52,32,74,87,62,44,53,75,33,63,95,54,22,45,64,76,96,46,2,97,34,19,84,26,30,40
инструкц:11,42
библиотекар:0
отлич:87
юнәлешләр:3
блокир:10
abiturient:11
переселен:10
захажива:98
3:85,1,63,45,76,34,26,35,10
всегд:10
слушател:42,35
over:2
количеств:11
дневн:86,76
тагирович:0
распоряжен:41
профессионализм:35
2005:73
диалог:10
быстр:0
900:45
125:10
талантлив:53
leadership:2
предложен:76
завойск:98
обм:51,11,35
уточня:10
английск:65,21,11,52,10
размер:45
делегац:10
prioriti:2
эффект:35
610:45
через:87,76
единиц:35
постановлен:56,41,76
3500:76
самерхан:10
батурин:10
нового :10
культурн:56,85,65,0,98,47,41,31,21,57,86,51,42,11,73,58,43,32,52,74,87,62,44,53,75,33,63,95,54,45,22,64,76,96,46,97,19,34,84,26,10,30,40
венчурн:10
течет:87
наговицин:0
врач:87,75,33,76,84,10
таблиц:0
зав:35
структурн:98,32,52,33,55,76,34,35,10
2019_летн:10
209:10
керү:3
420008:21,63,22,19,35
трудоустройств:76
цукуб:10
повторя:87
област:0,56,65,85,98,47,41,31,21,57,86,51,42,73,58,43,52,32,74,87,62,44,53,75,33,63,95,54,45,22,64,76,96,46,97,19,34,84,26,35,10,30,40
минэколог:10
репортаж:75
таджикиста:10
профессионального образован:26
sport:2
п:98,57,32,33,95,35,10
предвузовск:11
санкт:56,10
собствен:0,56,65,85,98,47,41,31,21,57,86,51,42,73,58,43,32,52,74,87,62,44,53,75,33,63,95,54,45,22,64,76,96,46,97,19,34,84,26,35,30,40
позвол:35
25:75,55,10
указан:95
многопрофильн:75
рамн:75
высококачествен:75
романск:52
март:42,54,76,19,10
ук:3
соц:55
кпп:21
внутр:10
гражда:0,56,85,65,98,47,41,31,21,57,86,51,42,11,73,58,43,52,32,74,87,62,44,53,75,33,63,95,54,22,45,64,76,96,46,97,19,34,84,26,10,30,40
rememb:2
atgaraev:84
переход:63
me:2
жизнен:31,87
направл:87,76
биофармацевтик:0
несмотр:76
законч:56
 уңайлыклар:3
1379:10
разбор:84
марл:10
миокард:87
лял:0
3 000:45
холодильн:11
использова:75
спецчаст:32
нттм:65
доступ:0,19
алм:56
сумм:45
проектн:52,26
расширя:31
күрсәтмәләр:3
ископа:11
кфу»:11,45,35,10
сред:56,0,11,42,32,87,62,76,26,10
мәнфәгатьләренә:3
студентларының:3
апостил:95
хозяйство»:10
выполнен:52,35,10
“биш:3
двор:10
svetlana:55
федерац:65,21,11,73,95,45,19,10
продукц:87
картас:3
торжествен:10
11:85,1,63,22,45,55,76,34,35,10
благополуч:76
медиацион:32
век:31,58,22,10
попада:95
математическ:0,11,32,62,33,45,22,64,40
медиац:0,52
дека:10
визитн:31
татьян:35
career:2
дпо:10
ситуац:42,32,33,76
сирот:45
recept:2
эт:31,57,86,11,58,52,87,75,63,95,76,84,35
нигезләнеп:3
strau:2
гумеровн:0
tour:52
предприят:76,35
фс:10
плакат:19
фармаколог:34
җитәкчелек:3
«фактор:10
бутлер:57
средн:11,52,33,76,35
феврал:42,75,63,76,19,10
«алстом»:86
преимуществен:11
шәһәрчег:3
биограф:10
дога:10
минпромторг:10
рифнуровн:0
абдрахманович:21
присоединя:11
культур:20,65,11,42,75,64,34,19,10
240:45
разработчик:42
мактаул:3
четыр:86
из:56,98,57,11,42,73,53,45,76,84,35,10,30
кордон:32,33
«девон»:56
внутрен:32,33,22,45,55,35
потенциальн:30
удостоверя:95
дал:87,55
балт:10
послан:10
joint:2
communic:2
котор:56,98,57,42,11,87,75,63,95,45,64,76,19,84,35
910:31
«маркетинг:10
черкесск:31
предотвращен:76
грамот:56
имитатор:84
ad:3
перенос:76
discuss:2
возможн:0,51,11,87,75,45,76,84,35,10
выключа:84
туманов:45
falkov:2
здоров:0,11,54,76,34,10
мсч:10
15:65,0,21,1,42,63,54,45,76,34,19,10
инфаркт:87
geolog:2
запомн:65,85,56,47,41,31,98,21,57,51,86,42,73,58,43,74,32,52,44,62,87,53,75,33,63,95,54,22,45,64,96,76,46,97,19,34,84,26,30,40
представительств:73,10
401:10
результат:11,42,63,95,45,35
98:10
diploma:2
жаждущ:98
сведен:0,43,44,55,64,19
220:10
станеш:45
вс»:10
выпуск:0
zrkkitay:52
сайт:20,0,56,65,98,85,47,41,31,21,1,57,86,51,11,42,73,58,43,52,32,74,87,62,44,53,75,33,63,95,54,22,45,64,76,55,96,46,97,34,19,84,26,10,30,40
дирекц:56,85,65,0,98,47,41,31,21,57,86,51,42,73,58,43,32,52,74,87,62,44,53,75,33,63,95,54,45,22,64,76,96,46,97,19,34,84,26,30,40
матк:84
гафур:22,76,10
предактов:98
ф:33,35,10
подразделен:0,56,85,65,98,47,41,31,21,57,86,51,42,73,58,43,52,32,74,87,62,44,53,75,33,63,95,54,45,22,64,76,96,46,19,97,34,84,26,35,10,30,40
материа:87
д:56,0,21,33,22,45,19,35,10
учеб:47,86,46,35
дзержинск:10
российск:56,65,0,85,98,47,41,31,21,57,86,51,73,42,11,58,43,32,52,74,87,62,44,53,75,33,63,95,54,45,22,64,76,96,46,97,19,34,84,26,35,10,30,40
данк:10
вычислительн:56,65,98,85,47,0,41,31,21,1,57,86,51,42,73,11,58,43,52,32,74,87,62,44,53,75,33,63,95,54,22,45,64,76,96,46,97,34,84,19,26,35,30,40
признательн:35
депутат:10
мог:86
институт»:10
дол:57
электрическ:10
«в:86
комплект:10
педагогик:11,32,62,33,34
unit:2
высш:56,65,98,85,0,47,41,31,21,1,57,86,51,42,73,11,58,43,52,32,74,87,62,44,53,75,33,63,95,54,22,45,64,76,96,46,97,34,84,19,26,35,10,30,40
ансамбльләр:3
relat:2
гомумуниверситет:3
берләшмә:3
татарстана :56
3k:1
викторович:0
разн:85,87,63,84
«стобалльник»:45
солнечн:32,62,22
пластическ:34
связи»:22
полност:1,87
librari:2
татарста:56,31,21,22,45,76,19,10,30
физик:56,65,98,85,0,47,41,31,21,1,57,86,51,42,73,11,58,43,52,32,74,87,62,44,53,75,33,63,95,54,22,45,64,76,96,46,97,34,84,19,26,35,3,10,30,40
пожалова:98,1
ги:52,53
күрсәтергә:3
размещен:96
фч:32,33
рошал:10
сет:0,11,53,55,10
поздрав:19
«инновац:10
непрерывн:56,65,98,85,47,41,31,21,57,86,51,42,73,58,43,52,32,74,87,62,44,53,75,33,63,95,54,22,45,64,76,96,46,97,34,19,84,26,35,30,40
объявлен:65,42,73,75,63,76,19
вестник:64
төре:3
награжден:10
kpi:35
за:0,56,85,65,98,47,41,31,21,57,51,86,42,73,58,43,52,32,74,87,62,44,53,75,33,63,95,54,45,22,64,76,96,46,97,19,34,84,26,35,30,10,40
ауд:10
4:56,1,22,45,76,34,26,3,35,10
пространства»:10
национальн:0,56,85,65,98,47,41,31,21,57,86,51,42,11,73,58,43,52,32,74,87,62,44,53,75,33,63,95,54,45,22,64,76,96,46,97,19,34,84,26,10,30,40
кгма»:10
10:56,65,85,98,47,41,31,21,57,86,51,42,73,58,43,32,52,74,87,62,44,53,75,33,63,95,54,45,22,64,76,96,46,19,34,84,26,10,30,40
мәйданчыклар:3
teacher:2
﻿﻿:98,95
флешмоб:10
муляж:84
«:62
определён:84
ел:21,10
ден:0,76,10
049205603:21
компьютерн:11,32,33,34,84
author:2
96:54
экономик:56,65,98,85,47,0,41,31,21,1,57,86,51,42,73,11,58,43,52,32,74,87,62,44,53,75,33,63,95,54,22,45,64,76,96,46,97,34,84,19,26,35,10,30,40
стат:51,63,76,35
региональн:58,32,62,87,33,22,64,10,40
llsabitov:52
леонт:20
тур:84
пульс:87
чубарья:10
2015–2016:26
подойт:95
ежемесячн:45
пленарн:10
теолог:11
исток:57
куртенэ:0,57,34
след:85,98,58,45,76
артык:3
испытан:11,45
грант:56,65,0,85,98,47,41,31,21,57,86,51,42,73,58,43,74,32,52,87,62,44,53,75,33,63,95,54,45,22,64,76,96,46,97,19,34,84,26,30,10,40
булачн:10
галиакберов:10
mechan:2
инфекц:75,76
виден:35
мисс:56,85,65,98,47,41,31,21,57,86,51,42,73,58,43,52,32,74,87,62,44,53,75,33,63,95,54,22,45,64,76,96,46,97,34,19,84,26,30,40
рубл:76
реж:21
social:2
priem:0
информативн:35
пассажир:10
даж:87,84
мнен:35
охра:11,32,33,22
feedback:2
«курчатовск:10
the:2,26
госдум:10
леж:57
español:56,98,85,65,47,41,31,21,57,86,51,11,42,73,58,43,52,32,74,87,62,44,53,75,33,63,95,54,22,45,64,76,96,46,2,97,34,19,84,26,30,40
“7п:3
транспортн:11,32,10
федоровск:10
сумеет:63
rimsafiullin:52
petroleum для:45
личн:0,35
күзәтчелек:3
заявок:0,85
гост:98
концерт:98,10
них:56,87,76,84
плат:76
«недел:10
at:2
иногородн:76,10
деньг:1
анатом:34
младенц:84
оплат:32,33,95,22,35
нирс:0,56,65,85,98,47,41,31,21,57,86,51,42,73,58,43,52,32,74,87,62,44,53,75,63,33,95,54,45,22,64,76,96,46,97,19,34,84,26,30,40
асс:47,10
материаловеден:32,62,22
technologies:10
андр:56
насимовн:35
федерал:3
никитин:10
center:52,2
оргкомитет:10
фулбрайт:65
операц:87,75,84,10
translat:2
приобщ:63
новорожден:84
it:56,65,98,85,0,47,41,31,21,57,86,51,42,11,73,58,43,52,32,74,87,62,44,53,75,33,63,95,54,22,45,64,76,96,46,2,97,34,19,84,26,3,35,10,30,40
политик:0,98,32,87,33,22,35,10
фантомн:0,56,85,65,98,47,41,31,21,57,86,51,42,73,58,43,32,74,52,87,62,44,53,75,33,63,95,54,45,22,64,76,96,46,19,97,34,84,26,30,40
оста:56,11,45,55,76
сәясәт:3
санитарн:42,32,33,22,76,40
research 2013:26
машин:11
контингент:0,56,85,65,98,47,41,31,21,57,86,51,42,73,58,43,52,32,74,87,62,44,53,75,33,63,95,54,45,22,64,76,96,46,97,19,34,84,26,30,40
текстом»:10
кампусларының:3
экзам:11
лет:56,86,53,10
вспышк:76
поиск:1,34
ординатор:45,34
преврат:31
plan:26
area:2
620:10
яратучылар:3
тест:42,75,76
издательств:32,33,22,19
станиславовн:35
петербургск:10
весн:84,10
аневризм:75
наград:63
дозатор:76
махмутов:0
потребн:84
40503810362020000021:21
chistopol:21
татарстан ф:10
2011:31
тренд:58,35
глубок:57,35
администрац:32,33,35
нефт:55
медпункт:32
its:26
сертификат:95
зондирован:11
камн:10
«вузэкофест:0,1
карточк:31
приветству:19
таможен:11
газет:20,56,65,98,85,47,41,31,21,57,86,51,11,42,73,58,43,52,32,74,87,62,44,53,75,33,63,95,54,22,45,64,76,96,46,97,34,19,84,26,10,30,40
«отлично»:45
чит:3
жител:76
будущ:56,87,10
dolore:3
563:1
309:10
фирмен:65,85,56,47,41,31,98,21,57,51,86,11,42,73,58,43,74,32,52,44,62,87,53,75,33,63,95,54,22,45,64,96,76,46,97,19,34,84,26,30,40
якта:3
эффективн:0,87,26,35,10
степн:10
question:2
450:45
прохожден:85,95,76
виз:10
станов:56,87,30
ренад:45
таков:10
бережлив:32,62,33
совещательн:26
рейтингован:35
берут:57
подкомиссии п:85
съезд:10
сем:98
имеют:87,84
сыйфатын:3
втор:11,42,45,10,30
раскрыва:55,35
кызыкл:3
80:45,19
эколог:41,65,56,98,85,47,0,31,21,1,57,86,51,42,73,11,58,43,52,32,74,87,62,44,53,75,33,63,95,54,22,45,64,76,96,46,34,97,84,19,26,35,10,30,40
коллективлар:3
смогл:35
преподаван:11,10
аграрн:10
alexand:2
бакалавриат:11,75,34,3
техническ:65,85,56,47,41,31,98,21,57,86,51,11,42,73,58,43,74,32,52,62,44,87,53,75,33,63,95,54,22,45,64,76,96,46,97,34,19,84,26,10,30,40
обеспечива:75,76
видеоарх:10
кредит:11
моисеевн:10
centers:26
нас:87,19,84,35
сдат:75
academic:26
ассоциац:56,65,85,98,47,41,31,21,57,86,51,42,73,58,43,52,32,74,87,62,44,53,75,33,63,95,54,45,22,64,76,96,46,97,19,34,84,26,30,10,40
мер:0,56,65,85,98,47,41,31,21,57,86,51,42,73,58,43,32,74,52,87,62,44,53,75,33,63,95,54,45,22,76,64,96,46,19,97,34,84,26,30,40
whi:2
обслужива:32,33,22
площадок:10
демонстрирова:87
тренажер:87,84
мид:10
начун:10
бөтендөн:3
ank:52
2019_посещен:10
дыхан:30
строительств:11,10
адаптирова:76
организатор:86
приемн:0,56,85,65,98,47,41,31,21,57,86,51,11,42,73,58,43,52,32,74,87,62,44,53,75,33,63,95,54,22,45,64,76,96,46,97,34,19,84,26,35,30,40
халыкар:3
восточн:52,55,10
согласн:76
стен:98,57,42
межведомствен:10
дипл:52
вконтакт:1,54,55
degre:2
религиоведен:11,34
руководств:65,56,41,42,76,10
«тво:10
«велик:10
десятк:84
коррупц:10
александр:10
производствен:86,76
государствен:56,65,98,85,47,0,41,31,21,57,86,51,42,73,11,58,43,52,32,74,87,62,44,53,75,33,63,95,54,22,45,64,76,96,46,97,34,84,19,26,35,10,30,40
измен:87
universmotri:10
передов:0,42,32,62,75,33,22,10,40
«боев:10
башк:3
applic:2
окраин:31
заявк:85
межлаук:22,10
портал:42
ппс:10
экспериментальн:0,56,85,65,98,47,41,31,21,57,86,51,42,73,58,43,32,74,52,87,62,44,53,75,33,63,95,54,45,22,64,76,96,46,84,19,97,34,26,30,40
mavrin:52
статистик:0
2019:62,19,35,10
младш:33,10
в :56
толст:56,65,98,85,41,47,31,21,57,86,51,42,73,58,43,52,32,74,87,62,44,53,75,33,63,95,54,22,45,64,76,96,46,97,34,84,19,26,35,30,40
дәрәҗәсендәг:3
январ:65,42
cot:52
жар:75
wiley:19
zentrumde:52
төзелд:3
 гафаров:10
инженерн:56,65,98,85,47,0,41,31,21,1,57,86,51,42,11,73,58,43,52,32,74,87,62,44,53,75,33,63,95,54,22,45,64,76,96,46,97,34,19,84,26,35,10,30,40
тренир:84
поэт:98,87,35,10
оптик:32,62,54,22
ilshat:2
иленнән:3
персонал:11
детализирова:87
койк:76
уникс:98,10
«газпр:10
наградн:10
учён:0,56,85,65,98,47,41,31,21,57,86,51,42,73,58,43,32,52,74,87,62,44,53,75,33,63,95,54,45,22,64,76,96,46,97,19,34,84,26,30,10,40
движущ:19
дальн:35
сист:56,65,98,85,47,0,41,31,21,1,57,86,51,42,73,11,58,43,52,32,74,87,62,44,53,75,33,63,95,54,22,45,64,76,96,46,97,34,84,19,26,35,30,40
«нюрнбергск:10
шафагат:10
азул:10
комментирован:20
особ:57,11,75,45,76
виргиниус:10
минообрнаук:10
review:64
давн:53
найдет:98,51
принест:11
categori:2
появ:45
реанимац:87,84
деятельности»:35
дни:11,10
мәдәни:3
обсужден:10
э:33
никол:10
медик:32,33,22,76,34,40
исслеодвательск:75
квн:3
registr:2
палеоботаник:10
энергетик:0,32,33
лигас:3
народн:56,85,65,0,47,98,41,31,21,57,86,51,42,73,58,43,32,52,74,87,62,44,53,75,33,63,95,54,45,22,64,76,96,46,97,19,34,84,26,10,30,40
удач:42,54
грандиозн:35
посетител:98,96,19
памят:10
мощн:30
карту»:26
match:2
отменя:95
преподовател:55
долж:63,76,35
диагностик:75,34
registered:73
кор:55
редакц:20,32,33
«при:76
коп:85,87,95
люб:55,84
быва:63
медпрепарат:87
псиохолог:11
челн:31,21,11,76,10
спо:45
массов:56,65,98,85,41,47,0,31,21,1,57,86,51,42,73,58,43,52,32,74,87,62,44,53,75,33,63,95,54,22,45,64,76,96,46,97,34,84,19,26,35,30,40
настроен:10
мышлен:57,63,35
148:10
tuition:2
желан:87
exercitation:3
ахметов:0
именинник:0
«их:10
приеха:42
состо:76
тетюш:10
сфер:0,11,52,87,63,10
фотолар:3
анонс:0,98,1,10
шәһәрләрдән:3
позж:84
цел:51,73,87,53,45,35,10
каб:10
основа:73
популярн:20,63
adipiscing:3
яңалыклар:3
победител:11,73,45,10
профессионал»:11,10
еречен:95
планировк:84
ваканс:0,56,85,65,98,47,41,31,21,57,86,51,42,73,58,43,52,32,74,87,62,44,53,75,33,63,95,54,45,22,64,76,96,46,97,19,34,84,26,30,40
ул:56,21,1,63,95,54,22,19,35,10
абонемент:19
центральн:10
симонов:0,10
сафиуллин:35,10
предпосылк:55
4а:22
член:76,84,10
305:45
ал:10
эдуардовн:0
srtenisheva:95
телефон:0,56,85,65,98,47,41,31,21,57,86,51,42,11,73,58,43,32,52,74,87,62,44,53,75,33,63,95,54,22,45,64,76,55,96,46,97,19,34,84,26,30,40
карл:22,84
самоуправлен:76
клетк:32,62,87,22
биолог:41,65,56,98,85,0,47,31,21,1,57,86,51,42,73,11,58,43,52,32,74,87,62,44,53,75,33,63,95,54,22,45,64,76,96,46,34,97,84,19,26,35,30,40
внешн:0,56,85,65,98,47,41,31,21,57,86,51,42,73,58,43,32,74,52,87,62,44,53,75,33,63,95,54,45,22,64,76,96,46,97,19,34,84,26,35,30,40
c:0,11,2,35
невозможн:76
university:64,26,10
тесн:86,30
прочн:10
стартова:0
кров:87
усманов:10
polygon:2
внедря:75
бавлинск:10
иҗад:3
молод:65,0,56,85,98,47,41,31,21,57,86,51,42,73,58,43,52,32,74,87,62,44,53,75,33,63,95,54,45,22,64,76,96,46,97,19,34,84,26,30,10,40
+»:52
by:2
вакцинац:76
менеджмент:11,52,55,34,35
нчи:32,33,10
документооборот:0,32,33,22,35
достига:87
женщин»:10
призывн:10
больн:87,84
environment:2
установлен:52,95,45,10
02–12:10
дорожн:26,35
палеоэкология»:22
волг:10
medicine:75
страниц:34
затларн:3
137:10
блок:42,84
120дән:3
activity:26
скольк:63
оздоровительн:32,33,22
геологические :56
праздник:10
допризывн:10
ку:35
практическ:0,86,51,11,52,75,84,10
николаевич:19
нти:0
19_виз:10
волков:76
об:31,0,56,85,65,98,47,41,21,57,86,51,11,42,73,58,43,32,52,74,87,62,44,53,75,33,63,95,22,54,45,55,64,76,96,46,97,34,19,84,26,35,30,40
коваленк:10
водопользован:11
г:65,56,85,21,57,11,32,62,33,63,54,95,22,45,35,10
2012:95
редакцион:10
кампанияс:3
транспортировк:10
услов:22,55,76,10,40
партнер:0,56,85,65,98,47,41,31,21,57,86,51,42,73,58,43,52,32,74,87,62,44,53,75,33,63,95,54,22,45,64,76,96,46,97,34,19,84,26,30,40
историческ:0,75,55,34
автоматик:87
ведет:75
огромн:56
загрузк:42
соб:87,35
тариф:10
поля:10
шевкетович:0
закономерн:55
ст:95
чеботарев :57
сообществ:1,10
«бу:10
ряд:87
алс:20,0
сөючеләргә:3
чут:76
кпо:10
наставник:63
олимпиад:56,65,85,0,98,47,41,31,21,57,86,51,11,42,73,58,43,52,32,74,87,62,44,53,75,33,63,95,54,45,22,64,76,96,46,97,19,34,84,26,30,10,40
алан» :10
company:73
приближен:87
спрогнозирова:76
регулируем:10
эконефт:58,22,3
наибол:57,84
«имплантстом»:86
2019_:10
беспроводн:87
алтаистик:0
государств:11
штырлин:10
“общ:55
австрал:10
баскетбол:3
кс_кфу:1
движен:56,10
будут:76
имеет:53,75,19,84,35
«республиканск:86
георесурс:64
clarifi:2
 имен:45
вероник:84
конц:76
мәгълүмат:3
тольк:86,87,63,95,45,19,84,34,35
реализ:42,52,87,76
категор:0,33,10
нуруллин:21
встрет:0,10
ем:87
«it:45,10
недел:76,35,10
«дорожн:26
приобщен:10
регламент:41,52,45,26
үсеш:3
honorari:2
проводились :56
филология»:52
мыслей»:10
бы:87
будущего»:10
күмәк:3
ea:3
10–13:10
атмосфер:32,62,22,35
зал:0,98,84,10
йөзү:3
урнашка:3
onlin:2
располага:76
гор:10
регионоведен:11,34
япон:10
конкурсн:10
дерматовенеролог:34
университет:98,20,31,85,47,41,0,65,56,21,1,57,86,51,42,11,73,58,43,52,32,74,87,62,44,53,75,33,63,95,54,22,45,64,55,76,96,46,34,97,84,19,26,35,3,10,30,40
берләшү:3
наблюдательн:22
esp:42
medicin:2
мгу:10
привлечен:53
вкус:63,33
аның:3
демонстрац:54
монастыр:10
призерлар:3
декоративн:11
кооперац:58,30
23:85,75,63,95,34,10
ипользован:75
шул:3
заочн:11,34
институц:73
«нк»:10
деятел:98,10
метод:0,86,75,55,10
улк:10
перв:42,11,32,22,45,76,84,35,10
843:56,0,21,11,63,95,54,55,76,19
74:0,22,34
индексируем:10
young:65
функционирован:10
forum:75
без:85,11,87,45,76,84
выйт:35
состоя:0,75,19,35
легк:87
җыелм:3
археолог:34,10
остр:56,65,85,98,47,41,31,21,57,86,51,42,73,58,43,32,52,74,87,62,44,53,75,33,63,95,54,45,22,64,76,96,46,97,19,34,84,26,10,30,40
заня:56
стил:65,85,56,47,41,31,98,21,57,51,86,11,42,73,58,43,74,32,52,44,62,87,53,75,33,63,95,54,22,45,64,96,76,46,97,19,34,84,26,30,40
tasmania:10
1380:10
закупк:0,56,85,65,98,47,41,31,21,57,86,51,42,73,58,43,52,32,74,87,62,44,53,75,33,63,95,54,22,45,64,76,96,46,97,34,19,84,26,30,40
кадастр:11
be:2
экологическ:0,45,35
юридическ:41,65,56,98,85,47,0,31,21,1,57,86,51,42,73,58,43,52,32,74,87,62,44,53,75,33,63,95,54,22,45,64,76,96,46,34,97,84,19,26,35,10,30,40
«элит»:86
всемирн:98,57,76,34,10
родильн:84
настоя:76
записа:11,53,35
расселя:76
сопровожден:56,0,85,65,98,47,41,31,21,57,86,51,42,73,58,43,32,52,74,87,62,44,53,75,33,63,95,54,45,22,64,76,96,46,97,19,34,84,26,30,40
help:2
рентгенолог:34
 казанск:21
запланирова:62,76
»:35,10
истор:0,56,85,65,98,47,41,31,21,57,86,51,42,11,73,58,43,52,32,74,87,62,44,53,75,33,63,95,54,22,45,64,76,96,46,97,34,19,84,26,35,10,30,40
моб:63
elabuga:21
in:64,2
автоматизирова:11
транслир:84
палеонтолог:55
мин:3
89050200689:84
компьютер:87
отзыв:35
info:21,55
поддержк:65,85,56,47,41,31,98,21,57,86,51,11,42,73,58,43,74,32,52,87,62,44,53,75,33,63,95,54,45,22,64,76,96,46,97,19,34,84,26,30,40
бизнес:56,65,98,85,47,0,41,31,21,57,86,51,42,73,11,58,43,52,32,74,87,62,44,53,75,33,63,95,54,22,45,64,76,96,46,97,34,84,19,26,35,10,30,40
комплекс:31,98,11,32,87,33
вирус:76
сквер:10
дыша:87
совещан:0,10
нургалиев:10
 чистопол:21
летию :56
запрос:76
«повышен:35
тип:57,87,95,55
увидел:84
«java:10
 сформирова:56
грудн:87
«туга:10
перечен:0,57,11,63,45
краснознамен:10
вебинар:55
уделяется современ:75
about:2
ивм:11
интерьер:11
darelfonyn:56,65,98,85,47,41,31,21,57,86,51,11,42,73,58,43,52,32,74,87,62,44,53,75,33,63,95,54,22,45,64,76,96,46,97,34,19,84,26,30,40
дня:10
iot:10
225:10
тел:87,95,10
трегубенк:20
public:65,85,56,47,0,41,31,98,21,57,51,86,42,73,58,43,74,32,52,44,62,87,53,75,33,63,95,54,22,45,64,96,76,46,2,97,19,34,84,26,30,40
mutygullina:54
искусствоведен:10
городск:10
consectetur:3
шанс»:45
meet:2
геологическ:56,98,55
мгим:10
регулир:87
льве:19
тор:0,56,85,65,98,47,41,31,21,57,86,51,42,73,58,43,52,32,74,87,62,44,53,75,33,63,95,54,22,45,64,76,96,46,97,34,19,84,26,3,30,40
мемориальн:10
приоритетн:0,56,65,85,98,47,41,31,21,57,86,51,42,73,58,43,52,32,74,87,62,44,53,75,33,63,95,54,45,22,64,76,96,46,97,19,34,84,26,35,30,40,10
групп:86,75,10
2019_международн:10
отв:10
территор:11,87,76,34,10
лаишевск:31
астроном:11,34
эор:86,42
халилов:35
медицин:41,65,56,98,85,0,47,31,21,1,57,86,51,42,73,58,43,52,32,74,87,62,44,53,75,33,63,95,54,22,45,64,76,96,46,84,34,97,19,26,35,3,30,40
углуб:35
легализац:95
конфликтолог:11
рук:87
technology:10
school:65,2
гайдар:45
забот:76
предприня:42
з:33
ru:65,85,56,47,0,41,31,98,21,1,57,51,86,11,42,73,58,43,52,74,32,44,62,87,53,75,63,33,95,54,22,45,55,64,96,76,46,2,97,19,34,84,26,35,30,10,40
что:11,87,75,76,84,35
момент:45
информирован:11
обслуживан:0
вершинин:10
палат:84,10
северн:73
пример:35,10
кто:57
научн:41,65,56,98,85,0,47,31,21,57,86,51,42,73,11,58,43,52,32,74,62,87,44,53,75,33,63,95,54,22,45,64,76,96,46,19,34,97,84,26,35,10,30,40
юриспруденц:11,34
үзидарәс:3
кнопк:87
olympiad:2
холдинг»:10
опасн:76
hajdarov:63
тестирован:0,11,52,32,53,35
берләштергән:3
обо:45
штамп:95
03:85,0,34,10
«един:10
нил:0
по:0,56,65,85,98,47,41,31,21,57,86,51,11,42,73,58,43,32,74,52,87,62,44,53,75,33,63,95,54,45,22,76,55,64,96,46,19,97,34,84,26,35,10,30,40
«палеомагнетизм:22
достигнут:30
струков:35
час:52,55,76
островск:10
операцион:87,84
банка»:10
дайджест:63
объ:55
предупрежден:0,56,65,85,98,47,41,31,21,57,86,51,42,73,58,43,32,74,52,87,62,44,53,75,33,63,95,54,45,22,76,64,96,46,19,97,34,84,26,30,40
конкурентоспособн:26,35,10
этаж:10
муп:10
турынд:3
судебн:11,34
 симуляцион:84
олимпиадад:3
част:0,31,11,42,32,87,33,22,76,40
тренингов:84
профессур:57
гарапов:20
пообща:35
ш:33,45,10
посет:10
pressa:0
uk:73
600:0,45,3
зеленодольск:31,32,62
«социальн:10
40:56,0,54,34,10
школьн:53
поликлиник:86
150:45,3
срок:85,86,11,62,95,76
индийск:10
also:2
биохим:85,11
назначен:45
пойт:98
анас:21
манекен:84
сектор:0,32,30
самоопределен:56
ч:33,95
бакулин:10
терехин:56,10
ахмедшин:0
народ:19
попсовет:10
74а:84
has:2
регистрац:65,85,56,47,41,31,98,21,57,11,51,86,42,73,58,43,74,32,52,44,62,87,53,75,33,63,54,95,22,45,64,96,76,46,97,19,34,84,26,30,40
mathematics:64
воспитательн:32,33
геол:55
конференц:0,65,56,11,53,63,19,10
амбиндер:10
led:2
эпидемиологическ:42
реквизит:21,95
коммуникац:56,65,98,85,47,0,41,31,21,1,57,86,51,42,73,11,58,43,52,32,74,87,62,44,53,75,33,63,95,54,22,45,64,76,96,46,97,34,84,19,26,35,30,40
экономист:32,33
дела:87,84,30
недостаточн:87
курамшин:20
прав:20,0,11,32,52,62,33,34,84
стенд:76
2016:65,56,45,26
обширн:30
землеустройств:11
директор:21,35,10
ве:31,84
strateg:2
видеоинструкц:42
университетынд:3
 при:96
трудност:87
мәктәбе:3
н:56,65,98,85,0,47,41,31,21,1,57,86,51,42,11,73,58,43,52,32,74,87,62,44,53,75,33,63,95,54,22,45,64,76,96,46,19,97,34,84,26,35,10,30,40
одновремен:52,87
педиатр:63,84
калимуллин:10
орга:22,26,3,10
elit:3
этнопсихолог:52
механизац:33
итә:3
электромонтер:0
махмут:21
служат:98
пребыван:11,96
женск:10
campus:2
опрос:73
нос:98
бочаров:10
робот:87,84
зональн:55,84
диланя:0
анатол:0
обновлен:42,55
савел:0
 ул:22,10
выставк:98,76,19,10
fund»:73
through:2
корстон:10
ип:10
ивановн:35
премьер:19,10
select:2
«экологическ:10
модел:84,35
сулейман:0
очн:85,86,11
задава:11,42,76
ю:33,45,10
фармацевтик:41,65,56,98,85,47,31,21,57,86,51,42,73,58,43,52,32,74,87,62,44,53,75,33,63,95,54,22,45,64,76,96,46,34,97,84,19,26,35,30,40
удостоверен:52
279:76
обсуд:0,35
клочк:10
нужда:45,76
омск:10
стран:42,95,10
xiii:10
«преподавател:10
потреблен:10
течен:45,76,35
ше:87
проектлар:3
«открыт:98
мехатроник:11
стартап:0
иностра:56,65,98,85,0,47,41,31,21,57,86,51,42,11,73,58,43,52,32,74,87,62,44,53,75,33,63,95,54,22,45,64,76,96,46,97,34,19,84,26,35,10,30,40
contact:2
2013:56,86,26
квот:11
команда :56
торговл:32,33,22
ли:87
1280:10
килгән:3
эксплуатац:11,32,33
еф:32,33
сервис:0,11
дает:84
visa:2
систем:11,58,32,87,33,63,22,64,19,34,84,35,10
реалистичн:87
себ:86,87,75,63,76
осложнен:87
9:45,76,10
ап:10
ниц:10
«кфу:0
музык:11
300:45
кафедрас:3
распределен:76
постельник:10
нанотехнолог:11
кфуабитуриент:1
chelny:21
томск:56
44:34,3,10
порядк:87,95,45,76,10
избра:63
лейса:20
созыв:10
две:56,75
нпр:10
мне:57
востоковеден:11,34,35
минсельхоз:10
сесс:35,10
philosoph:2
выступлен:10
перешел:76
светла:0
ассистир:87,84
радиотехник:34
лиц:56,65,98,85,47,41,31,21,57,86,51,42,11,73,58,43,52,32,74,87,62,44,53,75,33,63,95,54,22,45,64,76,96,46,97,34,19,84,26,3,35,30,40
общ:31,98,11,33,55,34,84,35,10
among:26
р:21,33,54,35,10
бакалавр:45
площад:31,84
медал:65
миннихан:84,10
1655018018:21
форсайт:10
замечательн:35
торакк:3
алекс:20
71:0,21,63,19
оптика»:22
практик:0,56,85,65,98,47,41,31,21,57,86,51,42,73,58,43,52,32,74,87,62,44,53,75,33,63,95,54,45,22,55,64,76,96,46,97,19,34,84,26,35,30,10,40
описан:1
полн:21,87,75,76,84
казан:56,0,31,21,1,86,11,63,22,45,76,19,3,35,10
soft:42
справочник:0,56,85,65,98,47,41,31,21,57,86,51,11,42,73,58,43,32,52,74,87,62,44,53,75,33,63,95,54,22,45,64,76,96,46,97,19,34,84,26,30,40
дво:87
ан:20,35,10
histori:2
confer:2
объем:76
перспектив:76,10
ж:33
метролог:32,33,22,35
джавдет:0
monash:10
рекультивац:10
зрачк:87
генетик:34
полезн:56,85,65,0,98,47,41,31,21,57,86,51,42,73,58,43,32,52,74,87,62,44,53,75,33,63,95,54,45,22,64,76,96,46,97,19,34,84,26,35,30,40
галин:20
минюст:0,56,85,65,98,47,41,31,21,57,86,51,42,73,58,43,52,32,74,87,62,44,53,75,33,63,95,54,22,45,64,76,96,46,97,19,34,84,26,30,40
тенденц:57,35
эшчәнлек:3
документальн:63
мерк:31
ц:33
офис:26,10
depart:2
баума:10
переподготовк:52,22,35,40
вторник:10
природообустройств:11
отработк:84
стандарт:0
зрения»:10
«управлен:10
несомнен:35
говор:11
xxvi:10
интерактивн:87,84
упорств:10
нег:87
минзарипов:54
мгю:10
имеет бол:75
дело 18:85
оа:10
кашап:10
бавар:10
детск:11,32,62,53,33,34,10
посвящён:10
engin:2
минобрнаук:41,45,10
иуэиф:10
patent:2
артериальн:87
перенес:76
2018:55,26,35,10
укытучыс:3
master:2
«о:95,10
scholarship:2
эйдос:87,84
rector:2
рф:41,21,11,87,45,76,10
ганиев:10
платн:11,32,62
полиграфическ:32,33
вак:10
academ:2
дум:10
радиофизик:11
8:56,0,21,53,63,45,55,35,10
вниман:85,98,86,75,55,76
чаралар:3
студентларның:3
эйнштейн:57
берләшмәләренең:3
университетск:0,56,65,85,98,47,41,31,21,57,86,51,42,73,58,43,32,74,52,87,62,44,53,75,33,63,95,54,45,22,64,76,96,46,19,97,34,84,26,10,30,40
закрепл:1
«universum:52
автомобильн:32,62,33,22,34
волонтер:10
intercultur:2
вуз:65,56,32,33,35,10
квант:32,22
andrey:56
компетентн:84
эльмир:0
ковальчук:10
западн:10
рафкатович:22,10
этап:85,87,45,26,35
пожертвован:73
двс:96,97,10
ресурсн:52
«альф:45
ординатур:0,56,65,85,98,47,41,31,21,57,86,51,11,42,73,58,43,74,32,52,87,62,44,53,75,33,63,95,54,45,22,64,76,96,46,97,34,84,26,30,40
да:3
нем:63
би:3
команд:56,35,10
хим:11
камил:32,62,33
кажет:57
параметр:87
клиническ:0,56,65,85,98,47,41,31,21,57,86,51,42,11,73,58,43,74,32,52,87,62,44,53,75,33,63,95,54,45,22,64,76,96,46,19,97,34,84,26,30,10,40
привед:95
рнф:57
отдельн:87,76,84
univer:56,65,98,85,0,47,41,31,21,57,86,51,11,42,73,58,43,52,32,74,87,62,44,53,75,33,63,95,54,22,45,64,76,96,46,97,34,19,84,26,30,40
ещ:20,0,87,76,10
гузейр:10
ovsatonina:52
спбпу:42
psycholog:2
предоперацион:84
facebook:55
19_санкт:10
табарг:3
достаточн:35
оказыва:76
баранов:10
саб:3
пульмонолог:34
 валеев:10
кибернетик:85,11
movavi:42
московск:10
№9»:86
пинг:3
геологов»:56
cdogeo:52,55
665:45
технолог:98,41,56,65,0,85,47,31,21,1,57,86,51,42,73,11,58,43,52,32,74,87,62,44,53,75,33,63,95,54,22,45,64,55,76,96,46,34,97,84,19,26,35,10,30,40
704:31
«диаэм»:45
хорош:35
явля:98,86,87,53,45,64,76,35,30
фундаментальн:98,41,65,56,85,47,0,31,21,1,57,86,51,42,73,11,58,43,52,32,74,87,62,44,53,75,33,63,95,54,22,45,64,76,96,46,34,97,84,19,26,35,30,40
ов:10
машиностроительн:11
ненужн:84
организации»:10
изуча:55,35
доктор:65,55,10
«сабантуй»:10
крыло»:98
набра:56
проектирован:32,62,33,64
phdays:65
са:0,22
ду:10
ин:98,21,51,95
сол:10
кажд:86,84,35,10
х:33,10
фундамент:10
самб:3
ii:10
распределя:76
ответствен:63
прошл:0,56,76,19,35,10
русский:2
«синхротрон:10
выраз:35
scopus:64,10
login:2
analysi:2
наблюден:76
+7:21,11,76
“kazan:26
обратн:20,65,85,56,47,41,31,98,21,57,51,86,11,42,73,58,43,74,32,52,44,62,87,53,75,33,63,95,54,22,45,64,96,76,46,97,19,34,84,26,30,40
должн:95,76,35
аттестац:0,56,65,85,98,47,41,31,21,57,86,51,42,73,58,43,32,52,74,87,62,44,53,75,33,63,95,54,45,22,64,76,96,46,97,19,34,84,26,35,30,40
жизнеобеспечен:11
гидрометеоролог:11
пропада:84
марг:10
социологическ:34
мебел:84
нобелевск:98
сыгра:56
политике»:95
media:2
агропромышлен:33
религиозн:10
смен:45,10
космос:0
предлага:55,76
профильн:11,32,22,76
dep:52
800:45,35
дубравушк:32,33
трех:45,35
итис:53,10
30дан:3
прокурорск:11
үстерү:3
йолдызл:3
отделен:56,21,32,62,33,76,34,84,10
приуча:84
list:2
мухаматдинов:0
золот:10
113:10
биологическ:76,34,10
 минниханов:10
92701000:21
сил:19
замалетдин:10
внесен:73
июл:75,76,10
наряд:31
четверт:10
russian:64,2
гараев:0
конгресс:10
кадр:0,56,65,85,98,47,41,31,21,57,86,51,42,73,58,43,32,52,74,87,62,44,53,75,33,63,95,54,45,22,64,76,96,46,97,19,34,84,26,35,10,30,40
устройств:84
шаблон:97
дом:98,32,62,33,22,96,10
ас:87
 шаймиев:10
исследован:0,56,65,85,98,47,41,31,21,57,86,51,42,73,58,43,52,32,74,87,62,44,53,75,33,63,95,54,45,22,64,55,76,96,46,97,19,34,84,26,10,30,40
работодател:0,56,85,65,98,47,41,31,21,57,86,51,11,42,73,58,43,52,32,74,87,62,44,53,75,33,63,95,54,45,22,64,76,96,46,97,19,34,84,26,30,40
charity:73
эндоскоп:84,34
daad:65
ananurullin:21
фильм:63,19
микросистемн:11
gallery:55
ним:95
снилс:85
избежа:84
заселен:96
маркетинг:52,55
приним:76
каре:0
дистанцион:56,85,65,98,0,47,41,31,21,57,86,51,11,42,73,58,43,52,32,74,87,62,44,53,75,33,63,95,54,45,22,64,76,96,46,97,19,34,84,26,30,40
диссовет:10
призна:58
спокойн:35
 люсиновск:10
уфанипинефт:10
5 747:45
факс:63
«актов:10
издательск:32,33
проректор:22,35,10
woocommerce:55
миров:86,58,87,75,22,26,35,10,40
ы:85
конденсирова:32,62,22
программ:0,56,85,65,98,47,41,31,21,57,86,51,42,11,73,58,43,52,32,74,87,62,44,53,75,33,63,95,54,22,45,55,64,76,96,46,26,97,34,19,84,35,10,30,40
рейтинг:35,10
карантин:76
more:2
нч:10
инструмент:87
сәнгат:3
фанк:63
верхнеуслонск:31
парламент:10
финанс:56,65,98,85,47,0,41,31,21,1,57,86,51,42,73,11,58,43,52,32,74,87,62,44,53,75,33,63,95,54,22,45,64,76,96,46,97,34,84,19,26,35,10,30,40
моч:87
iii:65,56,10
павлюхин:10
основ:57,52,87,55,10
анастезиолог:87
фән:3
бадминтон:3
спонсорск:76
силант:55
xvi:10
буклет:11
школ:0,56,65,98,85,47,41,31,21,1,57,86,51,42,11,73,58,43,52,32,74,87,62,44,53,75,33,63,95,54,22,45,64,76,96,46,97,34,84,19,26,35,10,30,40
различн:56,31,73,87
профилактор:32,76
казанск:20,85,47,41,0,65,31,98,56,21,1,57,86,51,42,11,73,58,43,52,32,74,87,62,44,53,75,33,63,95,54,22,45,64,55,76,96,46,34,97,84,19,26,35,3,10,30,40
обеспечен:41,0,56,85,65,98,47,31,21,57,86,51,42,11,73,58,43,52,32,74,87,62,44,53,75,33,63,95,54,45,22,64,76,96,46,97,19,34,84,26,35,30,40
подач:85,11
«русфонд»:10
кардиограмм:87
соответствен:56
фамил:85
кремл:10
профсоюз:3
предназнач:42,87,84
📹:42
урок:11,10
accredit:2
иде:35
консул:10
elabor:2
чемпионат:10
skills:42
шахмат:3
72:31,34
россиядә:3
вышел:0
җиңүчеләрн:3
стрем:86,63
проблем:63,35,10
кайбицк:10
замминистр:10
институт:56,31,85,47,41,98,65,0,21,1,57,86,51,42,73,11,58,43,52,32,74,87,62,44,53,75,33,63,95,54,22,45,64,55,76,96,46,34,97,84,19,26,35,10,30,40
2015:26
логопед:11
электрофизиолог:10
назнача:45
опыт:84,35
наде:35
встреч:0,98,63,54,10
семинар:0,65,42,62,10
«шеств:10
багаж:10
состязан:98
389:1
«экстремальн:22
теологическ:10
«нетворкинг:65
рубеж:0,56,85,65,98,47,41,31,21,57,51,86,42,73,58,43,52,32,74,87,62,44,53,75,33,63,95,54,45,22,64,76,96,46,97,19,34,84,26,30,10,40
950:45
парк:32,22
лабораторияләр:3
үзешчән:3
селивановск:10
вднх:10
семитомн:10
зам:10
очен:31,87,35
«эйдос:87
руководя:32,10
«буревестник»:10
физики»:22
благодар:11,76,35
preval:2
использ:86,87,84
манеж:10
выпускники :56
трудя:76
участ:56,0,86,11,87,35,10
19_фестивал:10
допустим:52
шәхес:3
веществен:55
нефтянник:56
скелетн:87
электроэнергетик:11
иванов:10
 перер:96
grant:2
мастер:35
внутрипластов:0
оценки «хорошо»:45
теплотехник:11,34
соотечественник:11
месторожден:56,10
«discover:10
5901754:96
идарә:3
студенческ:20,21,42,32,33,63,22,76,10
форум:65,75,10
рашид:10
автотранспорт:10
срок освоен:52
144:10
особен:75,35
функциональн:34
calendar:2
90нан:3
03 стоматолог:85
08:42,95,34,10
423812:21
скептическ:35
бусил:20
метада:42
кафедр:56,65,98,85,47,0,41,31,21,57,86,51,42,73,58,43,52,32,74,87,62,44,53,75,33,63,95,54,22,45,64,76,96,46,97,34,84,19,26,35,10,30,40
пройд:55
знания»:10
train:2
приглаша:0
апрел:76,35,10
грамотн:0,10
производител:86
appli:2
сэр»:10
образован:41,20,56,65,98,85,0,47,31,21,1,57,86,51,42,11,73,58,43,52,32,74,87,62,44,53,75,33,63,95,54,22,45,64,55,76,96,46,97,34,84,19,26,35,10,30,40
64:76
этап :85
second:26
налич:85,95,76
приволжск:31,85,47,41,98,0,65,56,21,57,86,51,42,73,58,43,52,32,74,87,62,44,53,75,33,63,95,54,22,45,64,76,96,46,34,97,84,19,26,35,10,30,40
роснефт:10
magna:3
многообраз:19
resonance:64
вариант:0,87,76
их:42,55,76,35,10,30
җәйге:3
россия»:10
строительн:34,10
311:22
мансур:0
послед:31
холл:10
ест:87,84
рома:11
осознан:35
советник:10
фотобанк:10
социолог:11
созда:75,76,84,26,35
выявлен:53
земл:55,34
уведомля:1
ива:0
победу»:10
москв:56,98,73,10
чопор:0
страничк:56
колледжларг:3
ограничен:11
допуск:85
доз:87
detail:2
нужин:22
journal:64
путин:76,10
буг:3
предпринимательств:0
порта:42
экспертиз:95,34,26
хьюг:10
трудноизвлека:10
carbon:2
центр:85,41,65,56,98,0,47,31,21,57,86,51,42,73,58,43,52,32,74,87,62,44,53,75,33,63,95,54,22,45,64,55,76,96,46,84,34,97,19,26,35,10,30,40
вш:10
вакантн:0,56,85,65,98,47,41,31,21,57,86,51,42,73,58,43,52,32,74,44,87,62,53,75,33,63,95,54,45,22,64,76,96,46,97,19,34,84,26,30,40
результативное»:35
first:2
 детск:84
изложен:35
9000:3
факт:0,56,85,65,98,47,41,31,21,57,86,51,42,73,58,43,52,32,74,87,62,44,53,75,33,63,95,54,22,45,64,76,96,46,97,34,19,84,26,30,40
манипуляц:84
system:2
2019_участ:10
до:54,76,96,35
ра:32,62
вернадск:65,45
телевиден:11
«равнен:10
волейбол:3,10
палеомагнетизм:32,62
отлича:87
important:55
chelni:2
филиаллар:3
тук:34,19,10
ян:0
фонд:56,65,0,85,98,47,41,31,21,57,86,51,73,42,58,43,32,52,74,87,62,44,53,75,33,63,95,54,45,22,64,76,96,46,97,19,34,84,26,10,30,40
 программ:52
umc:52
разрабатыва:56
филиа:21,32,62,33,34
30101810600000000603:21
ориентлашу:3
выполня:65
повышения конкурентоспособн:26
усил:98,76
максимальн:87,84
420043:22
институтлар:3
представительск:10
наб:10
языков:0
процесс:86,11,32,62,75,22,55,76,84,26,35,10
мультилингвальн:11
akkredit1_kpfu:85
всероссийск:65,0,56,75,45,10
05:85,1,75,45,34,19,10
саммит:10
«нов:10
vuzecofest:1
владимир:45,55,76,10
довер:0
должност:56,65,85,98,47,41,31,21,57,86,51,42,73,58,43,32,52,74,87,62,44,53,75,33,63,95,54,45,22,64,76,96,46,97,19,34,84,26,30,40
выдава:52
выдохн:11
труд:32,87,33,22,76,35
коллаборац:32,62,33
гер:3
скромн:31
девят:56
лицейларг:3
доцент:0
космическ:58,55
deutsche:56,98,85,65,47,41,31,21,57,86,51,11,42,73,58,43,52,32,74,87,62,44,53,75,33,63,95,54,22,45,64,76,96,46,97,34,19,84,26,30,40
autodesk:10
jfr:10
касимовн:0
альметьевска»:10
вот:63
enim:3
заключительн:45
2019_вручен:10
ультразвуков:34
изменен:63,26,10
студент:20,0,56,65,98,85,47,41,31,21,57,86,51,11,42,73,58,43,52,32,74,87,62,44,53,75,63,33,95,54,22,45,64,76,96,46,34,97,19,84,26,3,35,10,30,40
петр:10
махсус:3
но:86,87,63,35,10
05–06:10
стажировк:0,56,85,65,98,47,41,31,21,57,51,86,42,73,58,43,52,32,74,87,62,44,53,75,33,63,95,54,45,22,64,76,96,46,97,19,34,84,26,10,30,40
старейшин:32,22
«ден:10
университетның:3
гомум:3
сәламләү:3
моделирован:0,11,32,62,33
сопредседател:10
гибридн:87
19_ежегодн:10
 коп:95
«водоканал»:10
https:55
аларның:3
рашидовн:0
«бажен»:10
оо:45,10
последств:76
начальн:11,32,62,55
возвраща:76
симптом:87,76
сок:10
прилож:98
дезинфицир:76
aigul:54
контролир:87
смерт:45
форм:85,86,52,55
i_maksimova:52
for:2,19,26,10
горен:0
japan:10
неправительствен:45
нанофотоник:32,62,22
гастроэнтеролог:34
«intellectual:10
завотделен:10
ирин:35
участк:31
кремлевск:56,0,31,21,1,63,95,54,22,19,35,10
с:0,56,65,98,31,21,57,86,51,11,42,73,58,32,52,87,53,75,33,63,95,45,22,55,76,96,84,35,10,30
сборник:10
африканистик:11
биотехническ:11
eng:0,42
увековечиван:10
пушечн:10
правлен:10
попечительск:22,76,10
шөгыльләнә:3
заполня:42
stage:26
методическ:56,86,52,32,53,33,76,19,10
1:85,1,42,32,33,63,45,22,55,76,19,34,35,10
юнеск:10
факультетлар:3
наш:20,56,0,98,11,75,35,10
характеристик:87,55
спартакиад:10
запасами»:10
онколог:34
кабул:3
distanc:2
установк:86
инициат:73,87
наименован:21,22
увлечен:56
задан:10
телекана:20,10
лице:0,76,10
стоматологическ:0,56,85,65,98,47,41,31,21,57,86,51,42,73,58,43,32,74,52,87,62,44,53,75,33,63,95,54,45,22,64,76,96,46,19,97,34,84,26,30,40
талон:45
do:3,35
уникальн:58,19
тренировочн:87
посещен:10
оркестр:98,3
переда:87
test:2
персона:33
составыд:3
регенеративн:0,56,65,85,98,47,41,31,21,57,86,51,42,73,58,43,74,32,52,87,62,44,53,75,33,63,95,54,45,22,64,76,96,46,19,97,34,84,26,30,40
м:41,65,56,98,85,47,0,31,21,1,57,86,51,42,73,58,43,52,32,74,87,62,44,53,75,33,63,95,54,22,45,64,76,96,46,34,97,84,19,26,35,10,30,40
join:2
тематическ:10
19_технологич:10
veniam:3
процветан:35
профилактик:0,52,32,33,76,10
шаг:42,11
почта :96
га:31
чистопольск:35
коммуникации :56,65,98,85,41,47,31,21,57,86,51,42,73,58,43,52,32,74,87,62,44,53,75,33,63,95,54,22,45,64,76,96,46,97,34,84,19,26,30,40
 гафуров:10
студентлар:3
один:87,45
предлож:76
ключ…»:10
5:0,56,85,65,98,47,41,31,21,57,86,51,42,73,58,43,52,32,74,87,62,44,53,75,33,63,95,54,22,45,64,76,96,46,2,97,34,19,84,26,35,10,30,40
студ:42
мертвец:57
 абашев:10
audit25:52
берлектә:3
признан:56,0,85,65,98,47,41,31,21,57,86,51,42,73,58,43,32,52,74,87,62,44,53,75,33,63,95,54,45,22,64,76,96,46,97,19,34,84,26,30,40
парол:20,65,85,56,47,0,41,31,98,21,57,11,51,86,42,73,58,43,74,32,52,44,62,87,53,75,33,63,95,54,22,45,64,96,76,46,97,19,34,84,26,30,10,40
федерации»:95
элемент:42,55
означа:35
ректорның:3
китаеведен:0
eiusmod:3
зависим:87
отдых:32
химическ:41,65,56,98,85,47,0,31,21,1,57,86,51,42,73,58,43,52,32,74,87,62,44,53,75,33,63,95,54,22,45,64,76,96,46,34,97,84,19,26,35,10,30,40
mrsej:32,33
раб:10
сайдашев:22,10
акушер:84
роснефть»:10
газ:55
«язык:10
у:87,33,45,76,19,84,10
выборн:10
жи:10
төп:3
способствова:35
яшьләр:3
пода:85,11
editor:42
гостиничн:11
там:56,76
записыва:84
родины»:10
пациент:87,76,84
геохим:11
узна:35
 27:3
комиссии»:35
планов:32,33
мастерств:52,22,40
искусств:65,57,11
будет:85,42,76
макет:84
университет» :26
организова:56,42,35
104:10
высвечива:87
учрежден:86,51,73,64,26
2013–2020:26
велик:19
клублар:3
218:10
среде»:10
картограф:11
средств:11,73,75,76,84,34,35
бодуэн:0,57,34
литератор:98
депутатск:10
перм:56
белән:3
камск:10
ullamco:3
sit:3
ташкент:10
сдела:11,95
гиззатуллин:0
мавляутдин:0
способн:86,73,45
гафуров:76,10
«нефтян:10
«лиц:45
па:10
a:2
оценок:45
поташов:10
«я:11,35,10
ключев:35
servic:2
цифров:0,32,62,33,22,35,10,40
research:2,26
стационарн:32,22,76
кфу:0,56,65,98,85,47,41,31,21,1,57,86,51,11,42,73,58,43,52,32,74,62,87,44,53,75,33,63,95,22,54,45,55,64,76,96,46,34,97,19,84,26,35,3,10,30,40
халиков:10
зван:95,10
цвет:10
ramilh64:52
неразрывн:57,75
транспорт:32,62,33,22,34,10
522:10
неизмен:31
книжк:85
симуляцион:85,0,56,65,98,47,41,31,21,57,86,51,42,73,58,43,74,32,52,87,62,44,53,75,33,63,95,54,45,22,64,76,96,46,84,19,97,34,26,30,40
республики :56
уникал:3
labore:3
размест:87,76,19
commodo:3
поколен:98,73,75,35
«восточн:98
«совет:10
ноц:32,62,33,22,40
ро:10
представл:86,19
регуляц:32,62
kfu:52,2
бехтер:57
четк:35
интерес:63
ajdar:63
изда:64
мест:0,56,85,65,98,47,41,31,21,1,57,86,51,11,42,73,58,43,52,32,74,44,87,62,53,75,33,63,95,54,45,22,55,64,76,96,46,97,19,34,84,26,10,30,40
профилактическ:34
financ:2
городе :56
внутривен:87
отрабатыва:87,84
кгма:10
«симпламир»:86
тюркск:11
призерларн:3
нов:98,73,52,75,76,35,10,30
страхован:96
17:65,85,21,1,42,53,76,19,35,10
«селенит»:56
тагтоиб:10
схем:11
геоэкологическ:56
территориясендә:3
620 :10
event:2
полномасштабн:87
промышлен:11,22,35,10
клеток:75
генеральн:10
british:45
внутримышечн:87
ленин:10
state:2,26
ног:87
хирургическ:34,84
стипендиальн:65,73
управленц:75
дөньяның:3
телекоммуникац:42
field:2
веществ:32,62,22
пространств:31,75,55,10
ври:10
инсектицид:87
библиотечн:19,34
mass:2
вовлечен:35
прос:42
конфликт:0,52
экобиотехнолог:0
гуманитарн:11,73,32,62,33,64,76,34,10
укол:87
инфокоммуникацион:58
вид:86,42,52,10
һәм:3
геофака»:56
1804:21
богатств:10
result:2
readers:19
выезд:51,42
ир:10
закиевич:0
челнок:10
смыслов:35
5 000:45
каталог:52,19
извест:32,33,64
culture:64
стар:57
медиакоммуникац:56,65,98,85,47,41,31,21,57,86,51,42,73,11,58,43,52,32,74,87,62,44,53,75,33,63,95,54,22,45,64,76,96,46,97,34,84,19,26,30,40
14–19:10
 сафларынд:3
хайдар:63
сагдеев:45
мира»:10
газов:10
определен:84
прибыт:11
поверхн:84
 миннихан:10
ректор:20,0,56,65,98,85,47,41,31,21,57,86,51,11,42,73,58,43,52,32,74,87,62,44,53,75,33,63,95,54,22,45,64,76,96,46,97,34,19,84,26,3,10,30,40
project:2
благотворител:10
зимн:0,11,10
когогин:10
положительн:87
имитируем:87
аналитическ:41,65,56,98,85,47,31,21,57,86,51,42,73,58,43,52,32,74,87,62,44,53,75,33,63,95,54,22,45,64,76,96,46,34,97,84,19,26,35,30,10,40
36:34,10
отмеч:56
доклад:35
публикац:64,19
x:10
моллюск:55
инновацион:0,56,65,85,98,47,41,31,21,57,86,51,42,73,58,43,32,52,74,87,62,44,53,75,33,63,95,54,45,22,64,76,96,46,97,19,34,84,26,35,30,40
деятельн:41,0,56,85,65,98,47,31,21,57,51,86,42,11,73,58,43,52,32,74,87,62,44,53,75,33,63,95,54,45,22,64,76,96,46,97,19,34,84,26,35,10,30,40
ачыл:3
recognit:2
universities:26
professor:2
«университет:76,10
жела:98,35
aid:2
29а:10
климат:10
верс:65,85,56,47,0,41,31,98,21,57,51,86,11,42,73,58,43,74,32,52,44,62,87,53,75,33,63,95,54,22,45,64,96,76,46,97,19,34,84,26,30,40
вале:87
на:56,65,85,98,0,47,41,31,21,57,86,51,11,42,73,58,43,32,52,74,87,62,44,53,75,33,63,95,54,45,22,64,55,76,96,46,97,19,34,84,26,35,10,30,40
273:95
оперир:87,84
ленинградск:10
нефтедобыч:58
xi:10
км:10
kafanglnem:52
рус:3
связа:57,87,75
фахрутдин:10
ремесл:63
«эйдос»:87
2019_профильн:10
исламск:52,10
директорат:32,33
зарубежн:51,11,34,30
вятск:10
приглашен:0,56,85,65,98,47,41,31,21,57,86,51,42,73,58,43,32,52,74,87,62,44,53,75,33,63,95,54,45,22,64,76,96,46,97,19,34,84,26,30,40
й:33,26,10
итү:3
работа:56,87,76,84
анищенк:10
секцияләр:3
семестр:42,45
﻿:51,30
переживан:57
итог:0,56,85,11,45,35,10
professional:26
муллакаев:35
 эт:84
раздел:51,75,55,96,19
актуальн:42,63,96,10
изобретен:75
«icl:10
оп:76,10
разработа:56,87,55,35
microsoft:42
pleas:2
федеральн:20,31,85,47,41,98,0,65,56,21,1,57,86,51,42,11,73,58,43,52,32,74,87,62,44,53,75,33,63,95,54,22,45,64,55,76,96,46,34,97,84,19,26,35,3,30,40,10
решения»:10
руст:84
университет» н:26
карет:84
октм:21
моечн:84
оценк:45
cтратегическ:35
тут:87
manag:2
15 000:45
2:85,0,1,42,63,95,45,22,76,19,34,26,35,10
днем:10
1a:22
text:10
2002:56
медсестр:87,84
лаборатор:0,98,58,32,62,75,76,3,10
миграцион:56,0,85,65,98,47,41,31,21,57,86,51,42,73,58,43,32,52,74,87,62,44,53,75,33,63,95,54,45,22,64,76,96,46,97,19,34,84,26,30,40
хочеш:11
интранет:11
autonomous:26
штаб:32,33,10
паспорт:85,95
сталкива:87
ix:56
малкин:10
835:45
прошел:0
нб:10
de:0,52
министерств:21,45,76,10
духовн:98
два:30
мед:11,32,33,22,3
анафилактическ:87
5341971:73
алин:35
масхутович:21
позволя:86,75,84
лицензион:0,56,65,85,98,47,41,31,21,57,86,51,42,73,58,43,32,52,74,87,62,44,53,75,33,63,95,54,45,22,64,76,96,46,97,19,34,84,26,35,30,40
989:1
комитет:56,85,65,0,98,47,41,31,21,57,86,51,42,73,58,43,32,52,74,87,62,44,53,75,33,63,95,54,45,22,64,76,96,46,97,19,34,84,26,10,30,40
реша:65
чаңг:3
юн:56,0,85,98,47,41,31,21,57,86,51,42,73,58,43,52,32,74,87,62,44,53,75,33,63,95,54,45,22,64,76,96,46,97,19,34,84,26,30,40
терап:84,34
стипендиат:73
ни:32,62,75,33
бөтен:3
филолог:56,65,98,85,41,47,0,31,21,1,57,86,51,42,73,11,58,43,52,32,74,87,62,44,53,75,33,63,95,54,22,45,64,76,96,46,97,34,84,19,26,35,10,30,40
кучеренк:10
summit:10
расписан:0,56,85,65,98,47,41,31,21,57,86,51,11,42,73,58,43,52,32,74,87,62,44,53,75,33,63,95,54,45,22,64,76,96,46,97,19,34,84,26,30,40
обуча:0,56,85,65,98,47,41,31,21,57,86,51,42,11,73,58,43,52,32,74,87,62,44,53,75,33,63,95,54,45,22,64,76,96,46,97,19,34,84,26,35,30,10,40
профк:0
galitskaya:2
обращен:0,56,85,65,98,47,41,31,21,57,86,51,42,73,58,43,52,32,74,87,62,44,53,75,33,63,95,54,22,45,64,76,96,46,97,19,34,84,26,30,40
inform:2
городок:32,33,22
интерв:10
стремиться кажд:63
42:34
завершение регистрации заявок:85
обеспечат:76
сраз:76
единствен:31,87,45
предоставля:75,76
раков:75
библиограф:19
водоотведен:33
утвержд:45
«уникс»:10
гтрк:10
омтс:22
предметам﻿:53
nostrud:3
«манеж»:10
xxix:10
обычн:84
вознесенск:45
навык:86,84
готов:87,63,76
вся:87
life:2
12:56,85,1,42,53,95,22,45,55,96,34,35,10
корпоративн:0,56,85,65,98,47,41,31,21,57,86,51,42,73,58,43,52,32,74,87,62,44,53,75,33,63,95,54,22,45,64,76,96,46,97,19,34,84,26,35,30,40
резидент:87
акватор:10
upcom:2
устьинск:10
trening:52
la:98
авыр:3
отношен:56,65,98,85,41,47,0,31,21,1,57,86,51,42,73,11,58,43,52,32,74,87,62,44,53,75,33,63,95,54,22,45,64,76,96,46,34,84,19,26,35,30,40
здравоохранен:0,56,65,85,98,47,41,31,21,57,86,51,42,73,58,43,32,74,52,87,62,44,75,53,33,63,95,54,45,22,76,64,96,46,19,97,34,84,26,10,30,40
роботехник:11
позиц:35
финансов:0,32,33,76,35,10
планир:76
гс:10
редактор:0,10
«квантов:22
праздничн:10
егп:22
19_заседан:10
философ:11,34,10
межправительствен:10
резонансн:32,62
00:0,21,1,55,96,34,35,10
укыт:3
заполнен:85,19
science»:10
прич:87
47:0,19,34
бутлеров:41,65,56,98,85,47,0,31,21,1,57,86,51,42,73,58,43,52,32,74,87,62,44,53,75,33,63,95,54,22,45,64,76,96,46,34,97,84,19,26,35,10,30,40
позицияс:3
яш:3
рыночн:22,40
намн:35
—:1,35
общероссийск:10
пакет:95
ппк:26
разряд:11
поступлен:0,11,95
алар:3
112:10
был:56,73,76,35,10
№9:96
зинин:57
443:1
дербышев:20
associ:2
erasmus:51
кардиолог:34
вопрос:11,51,42,32,33,22,55,76,19,26,35,10
бик:21,3
ген:10
людьм:98
гыйльм:3
zrk:52
вступительн:11,45
археологическ:98
приб:10
1108957:73
лингвистическ:52,10
дошкольн:11
заражен:75,76
грантов:51,58,10
ит:11,10
прорыва»:10
поддержа:57,76
7p:75,2
шөгыльләр:3
интересн:35
05–14:10
летя:10
скобельцин:10
«регуляц:22
успеваем:47,0,56,85,65,98,41,31,21,57,86,51,42,73,58,43,52,32,74,87,62,44,53,75,33,63,95,54,45,22,64,76,96,46,97,19,34,84,26,30,40
заключен:85,95
пандем:76
чф:33
собран:98,10
гомумросс:3
регион:73,87,75,30
журнал:32,33,64,10
природопользован:41,65,56,98,85,47,0,31,21,1,57,86,51,42,73,11,58,43,52,32,74,87,62,44,53,75,33,63,95,54,22,45,64,76,96,46,34,97,84,19,26,35,30,40
почт:21,35
росс:0,56,85,65,98,47,41,31,21,57,86,51,42,11,73,58,43,52,32,74,87,62,44,53,75,33,63,95,54,22,45,64,76,96,46,97,19,34,84,26,10,30,40
рост:10
эксперт:20,10
“roadmap”:26
openlab:32,62
тверск:10
report:2
начальник:10
горюч:11
figur:2
такж:98,31,86,51,11,58,87,75,95,45,76,84,26,35,10
cтажировк:0
экзамен:11,95
первичная :85
противопожарн:32,33
amet:3
вручен:10
владимировн:0
жизнедеятельн:11,87,76,26
420097:22
исследовательск:0,56,65,85,98,47,41,31,21,57,86,51,42,73,58,43,52,32,74,87,62,44,53,75,63,33,95,54,45,22,64,76,96,46,97,19,34,84,26,35,30,40
информацион:56,65,98,85,47,0,41,31,21,1,57,86,51,42,73,11,58,43,52,32,74,87,62,44,53,75,33,63,95,54,22,45,64,76,96,46,97,34,84,19,26,35,10,30,40
иммунолог:34
председательств:10
коллег:35,10
сокровищ:98
2019_виз:10
s:2,26
        будет:95
художествен:98,10
услуг:11,52,32,76
group:10
laboratori:2
“күп:3
«universmotri»:20
презентац:65,10
«физик:22
далек:31,63
сторон:76,10
выража:35
чукмар:10
беренч:3
consequat:3
инструкция :85
«распространен:10
туристлар:3
лечебн:85,86,11
inter:2
опытных :55
тукумов:10
exchang:2
фотоотчет:58,54,19
командировочн:97
uni:2
ильшат:0,22,76,10
глобализац:22,40
فارسی:56,65,85,98,47,41,31,21,57,86,51,42,73,58,43,52,32,74,87,62,44,53,75,33,63,95,54,22,45,64,76,96,46,2,97,34,19,84,26,30,40
прикладн:11,10
професс:56,63,10
establish:2
кром:75,76
03–14:10
актив:10
музыкальн:10
iволг:65
264:19
рассчита:55
14:0,1,76,84,10
шок:87
врем:87,55,76,19,84,10
мы:98,21,32,62,33,54,76,84,35
retrain:2
якын:3
понедельник:21,10
ландшафт:52
philolog:2
друг:0,98,1,57,11,87,96,76,97,84
владеющ:51
аппарат:10
расшир:35
moodle:42
2 :22
34:19
+5:96
сохранен:76
зеленчукск:31
главв:10
японск:10
quis:3
прорыв:35
крк:10
гал:10
уча:0,56,65,98,85,47,41,31,21,57,86,51,42,73,11,58,43,52,32,74,87,62,44,53,75,33,63,95,54,22,45,64,76,96,46,97,34,19,84,26,35,10,30,40
naberezhny:2
экстремизма»:52
физическ:56,65,98,85,47,0,41,31,21,57,86,51,42,73,11,58,43,52,32,74,87,62,44,53,75,33,63,95,54,22,45,64,76,96,46,97,34,84,19,26,35,30,40
частност:86
нефтян:56,10
 кабмин:10
404:10
исключительн:76
спортсмен:10
документов :95
pproguk:52
рособрнадзор:41,75
«стоматология»:86
вы:98,51,11,95,55
венгр:10
лент:0
альбертовн:0,52
гег:0
экстремальн:32,62
содейств:73,10
пишут:87,84
коек:76
закладк:1
рт»:10
инновац:0,11,73
tereokhin:56
секцияс:3
cultur:2
значительн:45
программас:3
university”:26
так:56,57,87,75,55,76,84,35
льва:56,65,98,85,41,47,31,21,57,86,51,42,73,58,43,52,32,74,87,62,44,53,75,33,63,95,54,22,45,64,76,96,46,97,34,84,19,26,35,30,40
осуществлен:95
230:76
хабиров:0
тракт:22,76,10
коллект:86
ranking:26
гражданин:11
использован:20,76,35
соучредител:64
фракц:10
карт:31,0,56,85,65,98,47,41,21,57,86,51,42,11,73,58,43,52,32,74,87,62,44,53,75,33,63,95,54,22,45,64,76,96,46,97,34,19,84,26,35,30,40
толчок:30
өчен:3
обраща:84
«darelfonyn»:20
отправн:55
пр:21
иска:35
выездн:10
чубарьян:10
растениеводств:10
үзәкләре:3
способств:86,10
view:2
окончан:76
наркоман:0
недвижим:31
тнв:10
нормирован:32,22,35
дне:11,76
берләшмәләр:3
полноцен:35
воинск:0,32,33,22
продолжа:0
пробл:22,84,40
медицина» явля:87
ucsf:52
student:2
реализова:86
консультирован:11
правительств:41,45,76,10
никифор:84
освеж:55
«лидер:10
комисс:85,0,11,32,33,95,22,10
уважа:98,96,19
инфраренальн:75
07t10:55
cdo:52
великобритан:73
нам:11,35
бюджетирован:32,33,22,35
рум:10
ярмарка»:10
каф:32,33
начина:87,63,55,84
volgograd:2
отсутств:45
диляр:20
competitive:26
внес:45
трет:35,10
сборн:56
рассказа:75
координацион:1,3,10
французск:11
19–20:10
преподавательск:33
оснащен:86
оренбургск:22,76,10
высокогорск:31
подкомисс:10
проработа:87
12го:10
каза:3
centres:26
ошибок:84
императорск:22,10
существова:56
concert:2
понг:3
лагер:32,33,22,10
квантов:0,32,62,33,22
лил:0
рад:98
в:0,56,85,65,98,47,41,31,21,1,57,86,51,11,42,73,58,43,32,52,74,87,62,44,53,75,33,63,95,54,45,22,55,64,76,96,46,97,19,34,84,26,35,10,30,40
ильинск:35
лоухск:31
щ:33
познан:63
страсбургск:10
кск:98,10
теоретическ:56,10
тинчурин:10
сокращен:21
указа:95,35
тагын:3
горулыг:3
библиотек:20,0,56,65,98,85,47,41,31,21,57,86,51,11,42,73,58,43,52,32,74,87,62,44,53,75,33,63,95,54,22,45,64,76,96,46,19,97,34,84,26,35,10,30,40
вперв:75,76
регулирован:32,33,22,35
традицион:65
лихачев:45
mbakazan:52
«студенческ:0,10
языков»:10
точк:55
останавлива:87
pr:35
требован:11
печат:95
tatarica:64
к:0,56,85,31,98,21,11,86,52,87,53,33,63,95,22,55,64,76,19,84,35,10
busi:2
türkçe:56,98,85,65,47,41,31,21,57,86,51,11,42,73,58,43,52,32,74,87,62,44,53,75,33,63,95,54,22,45,64,76,96,46,2,97,34,19,84,26,30,40
ансамбл:3
sydney:10
ощущен:57
колледж:56,11,32,62,33,34,3,10
благожелательн:35
пальпац:87
симулятор:0,56,85,65,98,47,41,31,21,57,86,51,42,73,58,43,32,74,52,87,62,44,53,75,33,63,95,54,45,22,64,76,96,46,97,19,34,84,26,30,40
профессорск:33
laboris:3
квадратн:84
doctor:2
освоен:52,45
крупн:58,76,84
когд:75,35
книг:19
чрезвычайн:32,33,10
гематом:87
окол:56
гг:56,26
нигматяновн:0
innov:2
ял:3
2019_ежегодн:10
сердц:87
ex:3
турц:10
и:65,98,56,31,85,47,41,0,21,1,57,86,51,11,42,73,58,43,52,32,74,87,62,44,53,75,33,63,95,54,22,45,64,55,76,96,46,97,84,34,19,26,35,3,10,30,40
оператор:84
инвалидов»:10
поволжск:53
107:95
центре :84
объяв:76
геоинформатик:11
немецк:11,52
рәсәйдәге:3
изучен:11,42,95,55
кыяг:3
эл:31,96
ноябр:85,21,63,19
polina:2
реализации»:10
признава:95
фантом:86,84
«башнефтегеофизика»:10
норм:0
000:0,45,76,3
адаптац:56,0,85,65,98,47,41,31,21,57,86,51,42,73,58,43,32,52,74,87,62,44,53,75,33,63,95,54,45,22,64,96,76,46,97,19,34,84,26,30,40
«кайбицк:10
дружеск:35
абитуриент:20,0,56,65,98,85,47,41,31,21,57,86,51,11,42,73,58,43,52,32,74,87,62,44,53,75,33,63,95,54,22,45,64,76,96,46,97,34,19,84,26,10,30,40
постоя:76
минздра:10
скор:31,54,84
приступ:87
прецизион:0,56,65,85,98,47,41,31,21,57,86,51,42,73,58,43,74,32,52,87,62,44,53,75,33,63,95,54,45,22,64,76,96,46,19,97,34,84,26,30,40
13:1,53,63,95,96,76,34,10
слов:10
intellig:2
европейск:65,55,10
сдач:45
знатн:98
видеокамер:84
«әсәрләр»:10
происход:98,87,84,35
оешмас:3
лабораторн:86,34
scienc:2
кфуд:3
альф:0
больниц:86,84
прожива:76,10
агр:0
ком:63,10
24:85,42,75,19,10
ознакомлен:55
museum:2
дальш:87,76
имомуддин:10
культура»:10
 2012:56
лицензирован:19
сообщ:35
growth of:26
таюрск:10
№2»:86
юнәлтелгән:3
располож:31
административн:32,33,10
автомоб:11
гара:84
раздава:76
смогут:75,76
лениногорск:10
оценива:84
кровотечен:87
глав:0,76,10
«смел:10
совместн:75,76,35,10
valeeva:55
том:85,86,51,63,76
превосходств:58
антинаркотическ:10
коронавирус:0,56,65,85,98,47,41,31,21,57,86,51,42,73,58,43,32,74,52,87,62,44,53,75,33,63,95,54,45,22,76,64,96,46,97,34,84,26,30,40
слав:10
minim:3
«шлюмберже»:10
родн:56,85,65,0,98,47,41,31,21,57,86,51,42,11,73,58,43,32,52,74,87,62,44,53,75,33,63,95,54,45,22,64,76,96,46,97,19,34,84,26,10,30,40
«роснано»:0,10
вн:63
сегодн:1,76,35
во:0,56,21,57,42,32,62,87,75,33,95,45,22,76,84,10,40
руководител:56,0,52,63,54,76,19,84,35,10
харисович:10
трансляцион:58,75,22
2021:0,56,65,85,98,47,41,31,21,57,86,51,11,42,73,58,43,32,74,52,87,62,44,53,75,33,63,95,54,45,22,64,76,96,46,97,19,34,84,26,30,40
един:35,10
аспирантуры :75
родител:45
татарск:11,10
объект:31,0,56,85,65,98,47,41,21,57,86,51,42,11,73,58,43,52,32,74,87,62,44,53,75,33,63,95,54,22,45,64,76,96,46,97,34,19,84,26,30,10,40
непривычн:35
420010:22
природн:11,10
выбор:56
тәшкил:3
футбол:3
виртуальном :84
1061:10
арх:11,32,33,54,64
стратиграф:55
aliquip:3
ident:2
выда:57,52,87,95,45,10
представлен:10
асгат:84
ахмет:10
взаимодейств:86,52,10
охран:32,33
музеолог:11
берләштерергә:3
баз:56,86,11,32,75,33,76,84
«оксфордск:73
представител:56,85,65,0,98,47,41,31,21,57,86,51,42,73,58,43,32,52,74,87,62,44,53,75,33,63,95,54,45,22,64,76,96,46,97,19,34,84,26,10,30,40
постепен:76
добыч:10
“21нче:3
422980:21
ректорат:20,0,32,33,76,3,10
feder:2
катасонов:63
сосудист:34
2017:65,45,55,26,35
издан:0,64,10
них :42
yahoo:52
pre:2
анатомическ:87
александрович:0
весен:10
сердечн:87,34
посланник:10
аркад:20
свидетельств:85,95
руфин:0
камерн:98
mail:65,85,56,47,0,41,31,98,21,57,51,86,42,73,58,43,74,52,32,44,62,87,53,75,63,33,95,54,22,45,64,96,76,46,97,19,34,84,26,30,10,40
ответ:42,32,62,22,35
заб:20,65,85,56,47,0,41,31,98,21,57,11,51,86,42,73,58,43,74,32,52,44,62,87,53,75,33,63,95,54,22,45,64,96,76,46,97,19,34,84,26,30,10,40
апоге:31
быт:11,52,95
минзарип:10
2337027:95
02–09:10
ми:10
существует :56
leo:2
смеша:42
набор:76
безопасн:0,56,85,65,98,47,41,31,21,57,86,51,42,11,73,58,43,52,32,74,87,62,44,53,75,33,63,95,54,22,45,64,76,96,46,97,34,19,84,26,30,40
«резонансн:22
подготовл:76
wpb_animate_when_almost_visible:55
итогов:85,52,63,45,35,10
двум:11,95
«буд:53
1302:10
нк:10
существ:76,35
маркс:22,84,10
глебов:35
смог:42
45:1,34,10
связ:20,0,56,85,65,98,47,41,31,21,57,86,51,42,11,73,58,43,32,74,52,87,62,44,53,75,33,63,95,54,45,22,64,76,96,46,97,19,34,84,26,35,30,40
рабоч:0,76,19,10
visual:2
kavo:86
стратег:35,10
вошл:56
составлен:55
седьм:56,10
анд:3
петербург:56,10
тудырылга:3
звен:35
президент:45,76,10
коллектор:10
оснащ:84
куликов:35
принцип:75,84,35
этнографическ:98
фармацевтическ:10
стипенд:0,56,85,65,98,47,41,31,21,57,86,51,11,42,73,58,43,52,32,74,87,62,44,53,75,33,63,95,45,54,22,64,76,96,46,97,19,34,84,26,30,40
scientif:2
«актуальн:10
формирован:87,35,10
butlerov:2
философск:56,65,98,85,41,47,0,31,21,1,57,86,51,42,73,58,43,52,32,74,87,62,44,53,75,33,63,95,54,22,45,64,76,96,46,97,34,84,19,26,35,30,40
cupet:10
дело 27:85
откроет:0
набережн:31,21,11,76
туркмениста:10
побед:0,11,35
олимпиаде :56
дисциплин:56,86,42,33,95,19,35,10
люстр:1
фестивал:0,1,63,10
«коммерциализац:35
бул:3
العربية:56,98,65,85,47,41,31,21,57,86,51,11,42,73,58,43,52,32,74,87,62,44,53,75,33,63,95,54,22,45,64,76,96,46,2,97,34,19,84,26,30,40
426:31
рнц:32,62
min:21
здан:31,76,10
мвц:10
инструменталистлар:3
экстерн:34
территория»:10
оказан:11,76
красноярск:10
список :85
единовремен:45
жизн:20,0,86,42,63
сейчас:87
симон:57
доставк:19
выпада:57
зна:76
отек:87
литератур:11,45
альпинизм:3
дмитр:10
коррупцион:0
коллекц:19,10
кагыйдәләр:3
арт:20
метр:84
галере:98
open:58
теләүчеләр:3
одарен:53
буинск:10
03–05:10
ноц техническ:22
двер:11,10
сайфутдиновн:0
школьники :56
историк:76,10
«развит:35
буд:76
скворцов:84
отечеств:10
работ:0,56,65,85,98,47,41,31,21,57,86,51,42,73,58,43,52,32,74,87,62,44,53,75,63,33,95,54,45,22,64,76,96,46,97,19,34,84,26,35,10,30,40
4k:1
карьер:56,65,98,85,0,47,41,31,21,57,86,51,42,73,58,43,52,32,74,87,62,44,53,75,33,63,95,54,22,45,64,76,96,46,97,34,19,84,26,35,30,40
производ:87,34
общекомандн:56
человеческ:87
сер:64
02–19:10
19:85,42,75,76,2,10
аорт:75
күнекмәләр:3
2020:85,11,42,62,75,63,45,76,19,26,35
follow:2
отбор:10
сад:32,62,33
помогл:35
алмаз:84,10
трансформац:0,32,62,33,22,35,10,40
«казан:10
списк:11
gafurov:2
распространен:73,76
өлкәсендә:3
организац:0,56,85,65,98,47,41,31,21,57,86,51,11,42,73,58,43,52,32,74,87,62,44,53,75,33,63,95,54,22,45,64,76,96,46,97,19,34,84,26,10,30,40
приезд:84
архитектуры»:10
рынк:58,10
бывш:31
исход:76
прем:65,0,10
“пермск:55
рожениц:84
рифат:10
нуж:87
тудыралга:3
гражданств:11
массакүләм:3
калькулятор:11
опоз:22,35
995:45
цифр:0,56,85,65,98,47,41,31,21,57,86,51,42,73,58,43,52,32,74,87,62,44,53,75,33,63,95,54,22,45,64,76,96,46,97,34,19,84,26,30,40
закон:41,54,95
аспирант:63,45,34
ассистент:87
существен:35
гос:10
календар:56,0,85,65,98,47,41,31,21,57,86,51,42,73,58,43,32,52,74,87,62,44,53,75,33,63,95,54,45,22,64,76,96,46,97,19,34,84,26,35,10,30,40
видеоконференц:10
plan for:26
итәргә:3
тех:35,10
август:56
земн:55
приветств:10
коммуникативн:0,52
банковск:10
плотников:52
работают :87
базир:52
зелен:10
возобновлен:85
ono:52
нижнекамск:10
основн:0,56,85,65,98,47,41,31,21,57,86,51,11,42,73,58,43,52,32,74,87,62,44,53,75,33,63,95,54,45,22,55,64,76,96,46,97,19,34,84,26,35,30,40
хи:10
сүзе:3
карачаев:31
010:45
им:41,65,56,98,85,0,47,31,21,1,57,86,51,42,11,73,58,43,52,32,74,87,62,44,53,75,33,63,95,54,22,45,64,76,96,46,19,34,97,84,26,35,10,30,40
5000:76
патологическ:34
учетн:42
growth:26
206:10
благодарн:35
сотрудничеств:20,0,56,85,65,98,47,41,31,21,57,86,51,42,73,58,43,32,52,74,87,62,44,53,75,33,63,95,54,45,22,64,76,96,46,97,19,34,84,26,35,10,30,40
зде:75,84
политическ:34
онлайн:11,42,75,63,55,76
предел:31,11,76
кфуның:3
420111:22
шартлар:3
соединен:73
расслабьт:11
виртуальн:87,19,84
занят:56,86,42,76,84
ваш:33,55,96,35
талант:65,73
руб:45
игингт:55,10
заж:87
bakulina:52
co:2,10
где:56,84
see:2
горн:55
no:73
instagram:1
җиңүчеләр:3
отработа:87
19_технологическ:10
гбу:10
всяк:57
распозна:87
заработн:76
турецк:10
вызыва:84
кфу :85,22,40
подготовк:0,86,11,52,32,62,87,53,75,33,22,55,76,84,10,30
снг:10
«поющ:10
договор:11,95,30
татар:11,3
дан:0,51,42,62,87,55,96,10
ноц физик:22
публикацион:10
1420:10
письмен:45
will:2
физиологическ:87
пятниц:21,10
стационар:76,84
сохран:1,76
углеводородов»:10
выставочн:98,10
т:32,33,45,35,10
экспертн:32,10
нефтехим:58
стр:10
искандер:0,35
контрол:0,56,65,85,98,47,41,31,21,57,86,51,42,73,58,43,32,52,74,87,62,44,53,75,33,63,95,54,45,22,64,76,96,46,97,19,34,84,26,35,30,40
françai:2
переводн:64
специализирова:76,10
шәһәр:3
вывод:87
«татнефтехиминвест:10
слож:42,75
психологическ:0,11,32,62,76,34,10
настро:42
magnetic:64
специалитет:85,11,75,3
леонидович:10
потанин:45
перевод:11,95,97,34
educational:26
work:0,2
совершенствован:52
гражданск:11,32,33,22
июн:75,76,10
эрудирован:35
кластер:87,75
ратуш:10
профсоюзн:10
университетт:3
стольк:63
leading:26
выплат:45
параллельн:52,76
обработк:0
помощ:0,42,73,87,96,76,84
например:87,76
«росс:10
завершен:85
вас:19
43:45
бүген:3
420059:22
№:21,95,45,10
мар:31,1
разумеет:63
работник:0,56,85,65,98,47,41,31,21,57,86,11,51,42,73,58,43,32,52,74,87,62,44,53,75,33,63,95,54,45,22,64,76,96,46,97,19,34,84,26,35,10,30,40
imoiv:52
мал:98,86,11,52,53,10
коллегиальн:22,26
рекомендац:56,55,76
основан:11
оформлен:51,95
эндопротезирован:75
ботаническ:98
экспортн:0,56,65,85,98,47,41,31,21,57,86,51,42,73,58,43,32,52,74,87,62,44,53,75,33,63,95,54,45,22,64,76,96,46,97,19,34,84,26,30,40
gov:21,95
леонид:3
108:10
дет:11,32,62,33,45,10
оптимизац:65,64
procedur:2
киясов:35
ждем:42
заболеван:87,76
приурочен:56,10
алексеевск:31
500:45
муз:0,56,65,98,85,47,41,31,21,57,86,51,11,42,73,58,43,52,32,74,87,62,44,53,75,33,63,95,54,22,45,64,76,96,46,97,34,19,84,26,10,30,40
семинарск:86
этическ:56,85,65,0,98,47,41,31,21,57,86,51,42,73,58,43,32,52,74,87,62,44,53,75,33,63,95,54,45,22,64,76,96,46,97,19,34,84,26,30,40
булга:3
date:2
гиг:34
уровн:73,58,52,75
solids:64
51:10
лидерлыкн:3
oleg:52
рп:10
non:2
специалист:85,65,0,56,98,47,41,31,21,57,86,51,42,73,58,43,52,74,87,62,44,53,75,33,63,95,54,45,22,64,55,76,96,46,97,19,34,84,26,35,30,40
wales:73
конец:76
запис:1,42
нургатин:10
почвоведен:11
простудн:76
обед:96
пробн:11
электроник:34
строен:87,55
союз:10
нуайм:10
нургал:10
л:33,10
остановк:87
оборудован:76,84
задач:73,32,62,53,63,22,55,76,35,30,10
музе:98,10
79:56,55
i:2,10
intern:2
необходим:42,52,87,95,76,84,35
принима:56,86,76,10
76:34,10
авылынд:3
анестезиолог:87,34,84
стратегическ:0,56,85,65,98,47,41,31,21,57,86,51,42,73,58,43,52,32,74,87,62,44,53,75,33,63,95,54,22,45,64,76,96,46,97,34,19,84,26,35,10,30,40
арсена:84
менделеев:0
развернут:76
02:85,63,45,55,76,34,35,10
дон:10
6:1,95,34,35,10
1663:45
skip:3
языкознан:34
декабр:65,42
econom:2
универсиад:22,96,76,3,10
реклам:11,32,33,35
вокруг:10
ведущ:0,86,58,55,26,35,10
попеч:10
усман:3
локт:84
теплоэнергетик:11
мисис:10
кратчайш:76
e:56,21,63,95,54,19,84
выявл:76
preparatori:2
«произведения»:10
двух:31
universum+:0
управленческ:41,52,32,33,22,26,35
ахметович:32,62,33
10а:21
преподавател:65,56,57,86,51,42,87,63,55,19,84,35,10
свыш:76
активист:10
кож:87
сафар:84
univers:2
thousand:2
двустворчат:55
включа:87
«на:98
650:45,76
исполком:10
армрестлинг:3
десяток:98
секретар:10
осмотр:11
клуб:98,32,3
электр:34
салон:10
предпринимател:10
наследия»:76
разобра:11
kazanfederaluniversity:1
старш:0
дьячков:10
головн:34
соискател:34,10
координац:10
кран:84
www:1,55
воен:10
джалил:10
почтов:19
пересдач:85
веден:52
312:22
–ест:10
2001:56
психол:11
всег:45,76
taught:2
lorem:3
перепрофилир:76
faculti:2
абаш:10
поступ:56
начин:56
униюрсервис:32
имет:35
протяжен:31,57
раскрыт:0,56,85,65,98,47,41,31,21,57,86,51,42,73,58,43,52,32,74,87,62,44,53,75,33,63,95,54,22,45,64,76,96,46,97,19,34,84,26,30,40
аудитор:76
amendments to:26
сафиуллович:0
«обучен:35,10
22:56,65,85,98,47,41,31,21,57,86,51,42,73,58,43,32,52,74,87,62,44,53,75,33,63,95,54,45,22,64,76,96,46,97,19,34,84,26,10,30,40
ежегодн:56,10
записк:64
поступа:11
замещен:56,65,85,98,47,41,31,21,57,86,51,42,73,58,43,32,52,74,87,62,44,53,75,33,63,95,54,45,22,64,76,96,46,97,19,34,84,26,30,40
667:1
показа:20,0,1,10
перевозк:10
ривьера»:10
энергоэффективн:52
таинствен:57
прояв:86,45
родин:56
edu:52,10
continu:2
откр:56,63,54,22,19,84
радиоволн»:10
«чита:10
бирж:76,10
представля:87,35
90:87,10
обследован:84,10
общеобразовательн:32,62,33,45,34
кизическ:10
справочн:0,21,19
кфэ:22
минспорт:10
неморск:55
start:2
структур:0,56,85,65,98,47,41,31,21,57,22,86,51,42,73,58,43,52,32,74,87,62,44,53,75,33,63,95,54,45,64,76,96,46,97,34,19,84,26,3,30,40
us:2
европ:10
разнопрофильн:98
38:1,34,10
пройт:11,95
академ:65,45,10
душанб:10
коммунальн:10
060201:86
учет:0,11,58,32,33,22,45,76,35
роальд:45
лобачевского»:45
всех:31,0,56,85,65,98,47,41,21,57,86,51,42,73,58,43,52,32,74,87,62,44,53,75,33,63,54,95,22,45,64,76,96,46,97,34,19,84,26,35,30,40
вызов:35,10
выпускн:95
сафаров:10
мусульманск:10
специальн:85,86,11,87,75,45,55,76,84,10
can:2
учебн:65,0,56,31,86,11,42,32,52,53,75,33,45,22,64,76,19,84,35,10
мвд:10
migrat:2
фестивальләрдә:3
университета :56
ирланд:73
сотрудники»:10
15–16:10
бухгалтер:32,33
233:56,0,21,11,63,54,55,19
екатерин:0
staff:2
мобильн:42
attract:2
профориентац:63
пут:11,73,63
легализова:95
контракт:11
кампус:3
имитацион:84
46:34,10
саморазвит:64
андре:10
реанимацион:84
мэр:45
консуло:10
30:85,45,76,34,10
штурм:10
междисциплинарн:41,65,56,98,85,47,31,21,57,86,51,42,73,58,43,52,32,74,87,62,44,53,75,33,63,95,54,22,45,64,76,96,46,34,97,84,19,26,35,30,40
медицион:75
высок:73,76,84,35
coursera:42,2
сред»:22
flta:65
экскурсион:10
 на:56,57,26
зарегистрирова:76
03–04:10
можн:87,75,84,35
кгу:56,22
ты:42,45
тьютор:0
подготовительн:56,65,98,85,47,0,41,31,21,57,86,51,42,11,73,58,43,52,32,74,87,62,44,53,75,33,63,95,54,22,45,64,76,96,46,97,34,19,84,26,35,30,40
иң:3
lms:42
примен:73
centre:52
командн:10
загородн:32
аллерголог:34
вакцин:75
виноградов:10
локацион:10
кфуанонс:1
сентябр:76
минерал:55
сводн:19
уничтожен:75
мерзон:21,10
огрн:21
перед:11,35
колумбийск:10
университета»:35
целев:0,11
характер:98,10
училищ:10
отел:10
асептик:84
world:26,10
общежит:0,11,32,33,76,10
положен:56,41,52,63,54,22,45,19,84,26
штукенберг:98
и :56
муниципальн:56,65,98,85,47,0,41,31,21,57,86,51,42,73,11,58,43,52,32,74,87,62,44,53,75,33,63,95,54,22,45,64,76,96,46,97,34,84,19,26,35,10,30,40
66:76,10
булып:3
дизайн:11,52,22
«наука»:10
симпозиум:65,10
соглашен:95,10
фармац:85,11,34
максимов:10
нефтепереработк:58
ход:0,87,84
89:21,45
рожден:10
недели»:0
universum:52
xxi:58,10
оперативн:76,26
instructions:19
обществ:98,56,85,65,47,0,41,31,21,57,86,51,42,73,58,43,32,52,74,87,62,44,75,53,33,63,95,54,45,22,64,76,96,46,97,19,34,84,26,30,10,40
масалимов:10
продвижен:35,10
fundament:2
отчетн:32,33,22,35,10
1071:10
electronic:64
фактор:32,62,22
ege:52
подлужн:22
спорт:20,56,65,98,85,0,47,41,31,21,57,86,51,42,73,58,43,52,32,74,87,62,44,53,75,33,63,95,54,22,45,64,76,96,46,97,34,84,19,26,35,3,10,30,40
18:0,21,1,63,95,22,55,76,19,35,10
закупл:76
став:31
«сейчас:76
бол:0,75,45,76,35
де:0,57,34
галереяс:3
7:95,45,76,19,10
показател:87,26,35
]:58,54,19
ларис:20
перспективн:73,58,32,62,33,22,45,26,35
знан:75,55,35,10
медицинск:0,56,85,65,98,47,41,31,21,57,86,51,11,42,73,58,43,32,74,52,87,62,44,53,75,33,63,95,54,45,22,64,76,96,46,97,19,34,84,26,10,30,40
молодежн:65,0,32,33,22,35,10
геолог:56,31,85,47,41,98,65,0,21,1,57,86,51,42,73,11,58,43,52,32,74,87,62,44,53,75,33,63,95,54,22,45,64,55,76,96,46,34,97,84,19,26,35,10,30,40
планирован:22,76
противодейств:76,10
ищет:30
scientific:64
отчёт:56,0,85,65,98,47,41,31,21,57,86,51,42,73,58,43,32,52,74,87,62,44,53,75,33,63,95,54,45,22,64,76,96,46,97,19,34,84,26,30,40
«oxford:73
варшав:10
o:10
lahaertdinova:52
студентыкф:1
со:31,86,42,53,76,19,10,30
admiss:2
подпуска:84
питан:32,75,33,22,76
читальн:0
корчак:10
күп:3
250:52
чист:84
«патриот»:10
методик:87,35
патриотическ:86,10
учител:11,58,22,10
земельн:31,32,62,33,22,35
лазерн:32,62,22
местонахожден:21
«казанск:20,95,64,26,10
открыт:65,56,0,98,11,73,58,87,26,10
aliqua:3
«центр:52,87
соблюден:84,10
электротехник:11
лечен:75
биологии :75
акт:41,76,3,10
балл:11,45
фгао:21,32,62,33,95,22,40
«богатств:10
щелкун:10
разбуд:63
tempor:3
корпус:56,63,10
галкин:10
маслюков:45
довузовск:0,56,85,65,98,47,41,31,21,57,86,51,42,73,58,43,52,32,74,87,62,44,53,75,33,63,95,54,45,22,64,76,96,46,97,19,34,84,26,30,40
этик:34
ut:3
16а:54,22
садык:10
интернат:56,65,98,85,47,41,31,21,57,86,51,42,11,73,58,43,52,32,74,87,62,44,53,75,33,63,95,54,22,45,64,76,96,46,97,34,19,84,26,3,35,30,10,40
кукмор:10
физкультурн:32,33,22,35
927:63
зажим:87
пункт:96
 ифмк:10
струк:19
контрастивн:0
стоя:35
video:42,2
президиум:10
образец:11
свернут:1
50:10
77:34
product:55
оон:10
хасанов:20
молодеж:65,53,10
lobachevskii:64
амирович:0
подойдет:55
округ:65,32,62,22,30
туристическ:52,10
ljm:32,33
курс:98,11,42,52,53,45,55,19,35,3
отравлен:87
памятник:10
хозяйствен:32,33,22
ограничительн:42,76
хокукларг:3
слеп:57
kazanuni:2
programme:26
брат:87
взросл:84
тестирова:75
попечен:45
антихрупк:75
механик:56,65,98,85,47,0,41,31,21,1,57,86,51,42,73,11,58,43,52,32,74,87,62,44,53,75,33,63,95,54,22,45,64,76,96,46,97,34,84,19,26,35,30,40
мрот:45
продуктивн:57,35
распоряд:76
протокол:85
заместител:0,35,10
программн:11
420012:22
завед:0,35,10
21:42,54,45,22,2,10
анкет:85
реш:11,35
общеуниверситетск:56,65,98,85,47,0,41,31,21,57,86,51,42,73,58,43,52,32,74,87,62,44,53,75,33,63,95,54,22,45,64,76,96,46,97,34,84,19,26,35,30,40
«юн:56
email:52,55
совершен:98,76
аксакаллар:3
заведен:53,64,76,10
комплексн:52,32,62,22
international:64
ипподромн:10
тестов:19
аспирантур:0,56,65,85,98,47,41,31,21,57,86,51,11,42,73,58,43,32,52,74,87,62,44,53,75,33,63,95,54,45,22,64,76,96,46,97,19,34,84,26,3,30,40
геодез:11
призван:63
друз:54
ольг:35
атлетик:3
ортодонт:34
занима:56,84
008:0
with:2
кругл:10
люд:98,76
решен:63,26
материальн:98,86,32,33,45,22
японии»:10
узбекиста:10
132:10
промежуточн:45
learning:26
базалар:3
68:10
солженицын:45
прекрасн:57,55,35
иуэф:11
прост:98
enhancing:26
габдулл:34,10
отмеча:35
ревматолог:34
federal:26
необходимости»:76
tolstoy:2
униклиник:75
kmlc:52
ххi:10
применен:42,75
labs:58
буенч:3
суббот:10
rucode:0
ифмк:10
oiskpfu:96
ежедневн:98
«мал:56
логистик:11
оздоровлен:56,85,65,0,98,47,41,31,21,57,86,51,42,73,58,43,32,52,74,87,62,44,53,75,33,63,95,54,45,22,64,76,96,46,97,19,34,84,26,30,40
вход:20,56,65,98,85,47,0,41,31,21,57,86,51,11,42,73,58,43,52,32,74,87,62,44,53,75,33,63,95,54,22,45,64,55,76,96,46,97,34,19,84,26,10,30,40
профессиональн:0,11,73,52,32,62,33,63,95,22,26,35,40
423600:21
аста:56
штифтер:10
стобалльник:11
8 000:45
спелеоклуб:3
все:56,0,1,57,32,52,87,33,63,76,34,19,84,35,30,10
челюстн:34
пушкина»:10
условн:10
гидрогеолог:11
сертификац:32,33,22,35
диплом:56,85,95,10
уф:10
губернатор:10
068:63
«биомедицинск:22
соответств:51,52,87,75,95,45,76,35
sitemap:2
финансирован:58
kazan:64,2,26
400:0,45,84
филиал:0,56,85,65,98,47,41,31,21,57,86,51,42,73,58,43,52,32,74,87,62,44,53,75,33,63,95,54,45,22,64,76,96,46,97,19,34,84,26,30,40
гасыр:3
«здравомыслие»:0
зачислен:11
профил:11,76
19_участ:10
очередн:0,10
экскурс:84,10
б:0,33,3,35,10
владимирович:55,10
воспитан:56,65,98,85,47,0,41,31,21,57,86,51,42,73,58,43,52,32,74,87,62,44,53,75,33,63,95,54,22,45,64,76,96,46,97,34,84,19,26,35,30,40
степен:87,95
традиц:53,75
о:0,56,85,65,98,47,41,31,21,1,57,86,51,11,42,73,58,43,52,32,74,87,62,44,53,75,33,63,95,54,22,45,55,76,64,96,46,97,19,34,84,26,35,10,30,40
отъезд:51
faq:20,42,2
заслужен:10
implementation:26
технологическ:0,11,32,62,33,22,45,34,10,30
васил:57
сам:57,86,11,76,84
гао:10
49:34
2014:56
отмет:76,35
проспект:10
науки»:87
казахста:10
аккаунт:11
внедрен:86,73
усилен:76
отчётн:10
помещен:76
16:0,85,31,1,42,52,45,55,10
определ:58
участник:56,95,35,10
поджида:87
взят:87
над:87,76,26
фотоник:54
option:2
administr:2
туризм:0,11,3,10
«эт:10
я:33,10
межкультурн:56,65,98,85,41,47,0,31,21,1,57,86,51,42,73,11,58,43,52,32,74,87,62,44,53,75,33,63,95,54,22,45,64,76,96,46,97,34,84,19,26,35,30,40,10
алгарыш:51
глаз:87
вернисаж:98
беренчел:3
валиев:32,62,33
биомедицинск:87
federt:2
you:2
провод:85,98,86,87,75,76,84,10
получен:57,42,52,87,75,95,55,26
реаниматолог:87,34,84
деревн:22,96,76,10
n:2
ознаком:42,35
академик:45,35,10
наилучш:73
оешмалар:3
успех:10
зоологическ:98
>>:57
приложения»:10
заинтересован:63
deutsch:2
29:75,63,95,22,76
korean:2
весна»:0,10
предметн:11,53
анализ:58,32,62,87,75,22,84
165501001:21
пирамид:10
зиновьев:0
ти:56
заявлен:85,11,95
инжинирингов:0,56,85,65,98,47,41,31,21,57,86,51,42,73,58,43,32,74,52,87,62,44,53,75,33,63,95,54,45,22,64,76,96,46,97,19,34,84,26,10,30,40
теор:11
2021»:0,1
хирург:85,87,84,34
столкнут:84
полилингвальн:11,10
куд:98
свойств:32,62,22,55
определя:35
департамент:41,0,56,85,65,98,47,31,21,57,86,51,42,73,58,43,32,74,52,87,62,44,53,75,33,63,95,54,45,22,64,76,96,46,97,19,34,84,26,35,3,10,30,40
58+03:55
06–07:10
татарстан :10
кирпичников:20
кита:76
worldskills:10
partner:2
собра:42,95,76
buddy:0,96
хасьян:10
yelabuga:2
котюков:10
катлы”:3
сложн:76,84,35
видеоконференцсвяз:10
партнерск:51,10
благотворительн:73,45
неуклон:31
актанышск:10
двойн:11
посвящен:19,10
федерального :56
уст:10
йортларн:3
альметьевск:56
асса»:10
бухгалтерск:32,33,22,35
мирзоевич:10
университет»:20,95,64,26,35,10
событ:56,0,85,65,98,47,41,31,21,57,86,51,11,42,73,58,43,32,52,74,87,62,44,53,75,33,63,95,54,45,22,64,76,96,46,97,19,34,84,26,35,30,10,40
лингвистик:0,11
латып:10
микробиолог:35
творческ:63,45
времен:76,84
hspa:52
набережночелнинск:56,65,98,85,47,0,41,31,21,1,57,86,51,42,73,58,43,52,32,74,87,62,44,53,75,33,63,95,54,22,45,64,76,96,46,97,34,19,84,26,35,10,30,40
иҗат:3
хор:3
кайгыртучылар:3
institut:2
испыта:57
польш:10
ильдар:0
доск:10
меңгә:3
приобретен:52,45
education:26
интенсив:10
studi:2
архивн:10
кабинет:56,0,84,10
мва:10
потер:76
200:75,35
диетолог:75
«роснефть»:10
врачебн:84
мингазов:20,10
higher:2,26
топонимик:10
айгул:54
терроризму»:10
лапк:10
чем:75
медицина”:3
дин:0
приказ:41,11,54,45,26
хочет:35
формат:42,11,63,10
повышен:56,65,98,85,47,41,31,21,57,86,51,42,73,58,43,52,32,74,87,62,44,53,75,33,63,95,54,22,45,64,76,96,46,26,97,34,19,84,35,30,10,40
добр:98,75,76
куллан:3
степ:10
терроризм:0,32,33,10
хабибуллин:45
minist:2
поздравлен:10
памятн:10
130:45,10
принадлежн:45
раздевалк:84
кандидат:65
укырг:3
марселевн:0
–:56,65,85,98,11,42,87,75,45,55,76,19,84,26,3,35,10
дзюд:3
укучыларг:3
состав:55,10
огэ:11
«реставрац:76
юг:56
28:45,76,34,10
проход:56,87,76,19
«автомобильн:10
fr:0
октябрьск:10
комбинат:32,33,22
rank:2
«удовлетворительно»:45
программист:0
выпускник:20,0,56,65,98,85,47,41,31,21,57,86,51,11,42,73,58,43,52,32,74,87,62,44,53,75,33,63,95,54,22,45,64,76,96,46,97,34,19,84,26,35,10,30,40
content:3
тренажерн:87
оаэ:10
england:73
поскольк:35
четырех:45
базов:32,62,53,33,55
последн:56,87,30
base:2
119 земельн:31
фина:0
природ:10
рдк:10
торгов:11,10
королевств:73
студгородк:76,10
кайд:3
соревнован:56
отличн:42
призер:11,45,10
лукашин:10
плод:84
мног:56,98,57,75,76,35
кергән:3
облад:84
rc:52
chosen:2
симуляторе :87
продуктов:76
предварительн:85
«дарелфанун»:10
прием:20,11,32,33,84,10
двухсторон:95
alumni:2
уровен:55,35
аттестацион:10
обстановк:87,35
состоян:31,87,84,10
et:2,3
автор:20,42,55,64,10
стимулирован:45
ярмаке:35
ecooil:2
проведен:0,56,85,51,11,62,87,53,75,95,76,84,26,35,10
слабовидя:65,85,56,47,0,41,31,98,21,57,51,86,11,42,73,58,43,74,32,52,44,62,87,53,75,33,63,95,54,22,45,64,96,76,46,97,19,34,84,26,30,40
предмет:55
повыс:35
 ип:10
фёдор:63
нащупыв:63
образ:0,73,87,75
чест:84,10
«аналитическ:22
management»:10
приложен:85,42,95
реакц:87
имитир:84
nisi:3
имитац:87
файл:56,63,54,22,19,84
детальн:84
трансдисциплинарн:75
терапевтическ:34
technolog:2
«перспективн:10
журна:47,0,56,85,65,98,41,31,21,57,86,51,42,73,58,43,52,32,74,87,62,44,53,75,33,63,95,54,45,22,64,76,96,46,97,19,34,84,26,10,30,40
астровыз:58,22,3
литературоведен:34
com:1,52,96
2019_микросимпозиум:10
платформ:55
рахматуллин:22
ориентирова:52
39:34,10
плодотворн:35
session:2
россии»:10
чудных»:98
журналистик:56,65,98,85,47,41,31,21,57,86,51,42,73,11,58,43,52,32,74,87,62,44,53,75,33,63,95,54,22,45,64,76,96,46,97,34,84,19,26,30,40
городк:76,10
рн:10
«истор:76
регионал:3
образовательн:41,65,56,0,98,85,47,31,21,57,86,51,42,11,73,58,43,52,32,74,87,62,44,53,75,33,63,95,54,22,45,64,76,96,46,34,97,84,19,26,35,10,30,40
психолог:56,65,98,85,41,47,0,31,21,1,57,86,51,42,73,11,58,43,52,32,74,87,62,44,53,75,33,63,95,54,22,45,64,76,96,46,97,34,84,19,26,35,10,30,40
соцсет:35
активн:86,73,35,10
под:65,95,76,10
испанск:11
мухтаров:10
урнаш:3
новост:20,0,65,57,11,42,75,63,96,76,19,35,10
оборон:32,33,22
почетн:10
19_админ:10
24»:10
памятк:19
cours:2
лекарств:87
russia:73,2,10
госпитал:84
яшьләрн:3
чистопол:21,32,33
тукаевск:31
судейск:56
journals:64
«российск:10
отличник:10
огэк:22,35
церемон:10
forgot:2
космонавт:98
зур:3
пластиков:84
кутафин:10
onli:2
обзор:19
групп»:10
сорокин:0
нажима:87
коротк:76
now:2
гандбол:3
һ:3
дорог:42,54
читател:19
протестн:10
геометрическ:63
коронавирусн:75,76
наук:65,0,20,56,98,85,41,47,31,21,1,57,86,51,42,73,11,58,43,52,32,74,87,62,44,53,75,33,63,95,54,22,45,64,76,55,96,46,97,34,84,19,26,35,10,30,40
«digital:10
admin:55
непрост:76
капеллас:3
проректорлар:3
урегулирован:0,52
искусств»:76
риск:84,10
топ:75,35
компан:58,87,30,10
вахитовск:10
эксп:10
фи:32
үстерүгә:3
news:2
географ:11
интеллектуальн:56,65,98,85,0,47,41,31,21,1,57,86,51,42,73,58,43,52,32,74,87,62,44,53,75,33,63,95,54,22,45,64,76,96,46,97,34,84,19,26,35,30,10,40
культуролог:11
субдуральн:87
а:41,65,56,98,85,47,0,31,21,1,57,86,51,42,73,11,58,43,52,32,74,87,62,44,53,75,33,63,95,54,22,45,64,76,96,46,34,97,84,19,26,35,10,30,40
карел:31
73:0,34
достигнув:31
куб:10
50 кв:31
утрен:10
philology:64
прошедш:54
«образован:10
защит:75,76
лиценз:42,52
рт:85,56,21,45,35,10
ksu:52
апелляц:11
04:55,34,19,10
прогрессивн:63,84
1066:10
нейтрон:10
covid19:76
россотрудничеств:10
type:2
 конгресс:10
fpk:52
ахметшин:10
предоставлен:73
наслед:56,85,65,0,98,47,41,31,21,57,86,51,42,11,73,58,43,32,52,74,87,62,44,53,75,33,63,95,54,45,22,64,76,96,46,97,19,34,84,26,10,30,40
представ:87,76
он:56,57,87,63,95,76,84,35
дело 25:85
гаре:10
консультац:55
педагогическ:0,56,65,85,98,47,41,31,21,57,86,51,42,11,73,58,43,32,52,74,87,62,44,53,75,33,63,95,54,45,22,64,76,96,46,97,19,34,84,26,35,10,30,40
on:2,26
ключ:84
сердцебиен:84
отнесл:35
es:0
01 :85
нац:10
үрмәләү:3
гбкз:10
район:31,10
филоген:55
апробац:87
төркем:3
будьт:98
выставля:87
67:45,34
разр:87
нет:84
password:2
бар:3
короновирусн:76
республик:56,31,21,75,45,76,19,3,10,30
геология”:55
рынок:87
ат:56
информатизац:32,33,22,35
32:87,22,34
biolog:2
клинические :75
все»:65
спортивн:56,85,65,0,98,47,41,31,21,57,86,51,42,73,58,43,32,52,74,87,62,44,53,75,33,63,95,54,45,22,64,76,96,46,97,19,34,84,26,35,10,30,40
озер:10
современ:31,86,11,73,32,62,75,84,35
школьник:0,56,11,52,53,45,10
геофизик:11
биомедицин:58
«за:35
яхш:3
стенокард:87
войт:1
предусмотр:95
резед:0
минералогическ:55
отрасл:11
подробн:87,55
support:2
режим:32,33,22,84,10
sort:2
lsl:19
татарстан дл:45
правов:41,0,56,85,65,98,47,31,21,57,86,51,42,11,73,58,43,52,32,74,87,62,44,53,75,33,63,95,54,45,22,64,76,96,46,97,19,34,84,26,35,30,40
табигатьтә:3
докторантур:0,56,65,85,98,47,41,31,21,57,86,51,42,73,58,43,32,52,74,87,62,44,53,75,33,63,95,54,45,22,64,76,96,46,97,19,34,84,26,30,40
дежурн:0
дело 23:85
ресурс:20,86,76,19,10
гулистанск:10
межведил:10
75:0,34,10
колот:87
сенсорн:76
информатик:11,34
действ:1,42,87,95,76,84
олимпиады :56
01:85,34,19,10
глобальн:56,65,85,98,47,41,31,21,57,86,51,42,73,58,43,52,32,74,87,62,44,53,75,33,63,95,54,45,22,64,76,96,46,97,19,34,84,26,35,10,30,40
мобилизацион:0,32,33,22
комплекслар:3
е:56,98,87,33,63,45,55,84,26,35,10
пал:35
трудов:85,76
минимальн:11,52
горурлыгын:3
covid:42,75,76,2
поведет:87
1996:95
иннок:10
технопарк:0,32,22
тар:3
[:58,54,19
предполага:76
111:35
cooper:2
плох:87
лауреат:98,10
энгелевич:35
ран:56,65,11,87,75,10
хаеров:10
официальн:0,85,10
7 000:45
октябр:65,85,63,10
dure:2
словацк:10
восток:56
анатольевич:56
ещё:1
орф:73
указ:76
генконсул:10
04–05:10
системн:53
числ:45,76
оксфордск:56,65,0,85,98,47,41,31,21,57,73,86,51,42,58,43,32,52,74,87,62,44,53,75,33,63,95,54,45,22,64,76,96,46,97,19,34,84,26,30,40
кю:10
tat:0
сенчек:10
дрейс:10
явл:57
адизес:10
электрооборудован:0
law:64,2
2006:73
адрес:56,98,21,63,54,22,76,19,84
продукт:76
пер:10
+:0,51
иҗтимаг:3
бокс:3
казанского :56
кгэ:10
41:34,10
модернизац:87,45
чувашск:10
53:34
document:2
минниханов:10
файзуллин:10
инженер:0,11,32,33,22,3,10
«ярмарк:10
агентств:87
fee:2
нәтиҗәл:3
урыннарг:3
mission:2
рекомендова:11
26:85,75,63,55,34,10
всем:85,75,54,76,35,10
действительн:95,84
соста:56,75,33,55,26
большинств:76
низкопроница:10
advanc:2
альберт:57
мәгариф:3
57:34
елабуг:31,21,11,76
назван:52,62,55
мухаметшин:10
участниц:95
phys:52
социальн:56,65,98,85,0,41,47,31,21,1,57,86,51,42,73,11,58,43,52,32,74,87,62,44,53,75,33,63,95,54,22,45,64,76,96,46,97,34,84,19,26,35,10,30,40
экстремизм:0,10
тахикард:87,84
специалистов :85
онф:10
скальпел:87
рассмотрен:0,56,85,65,98,47,41,31,21,57,86,51,42,11,73,58,43,52,32,74,87,62,44,53,75,33,63,95,54,22,45,64,76,96,46,97,19,34,84,26,30,40
“астровызов”:3
сетев:19
254:31
обществознан:11
заинтересова:35,30
меня:87
1021602841391:21
международн:20,65,56,98,85,0,41,47,31,21,1,57,86,51,42,73,11,58,43,52,32,74,87,62,44,53,75,33,63,95,54,22,45,64,76,96,46,97,34,84,19,26,35,10,30,40
 г:10
learn:2
автоматизац:11
имен:56,65,98,85,47,41,31,21,57,86,51,42,73,11,58,43,52,32,74,87,62,44,53,75,33,63,95,54,22,45,64,76,96,46,97,34,19,84,26,35,10,30,40
хузин:10
дело 24:85
219:10
specialist:2
бурков:10
пониман:35
объектлар:3
магистратур:56,65,85,98,47,41,31,21,57,86,51,11,42,73,58,43,52,32,74,87,62,44,53,75,33,63,95,54,45,22,64,76,96,46,97,19,34,84,26,3,10,30,40
offer:2
аттестат:95
пресс:0,32,10
эксперимент:54
2019_лагер:10
food:10
резиденц:10
offic:2
212:95
кин:63
материал:20,56,86,58,32,62,22,34,26,35
красн:10
предостав:95,35
яшәү:3
публичн:98
позвоночник:87
«экология»:52,10
развит:0,56,85,65,98,47,41,31,21,57,86,51,42,11,73,58,43,32,52,74,87,62,44,53,75,33,63,95,54,45,22,55,64,76,96,46,97,19,34,84,26,35,10,30,40
мамаков:10
конкурслард:3
написан:85
«теологическ:10
уделя:86
«стоматологическ:86
iv:56,10
 мвц:10
рол:56,35
авыл:3
современность»:10
of:64,2,26,10
погодинск:10
установл:42,76,84
чита:1,55,19
общен:35
приня:11,10
мөстәкыйл:3
электрон:0,56,85,65,98,47,41,31,21,57,86,51,42,73,58,43,52,32,74,87,62,44,53,75,33,63,95,54,45,22,64,76,96,46,97,19,34,84,26,30,40
конкретн:84
равноцен:76
admission:0
проект:0,56,85,65,98,47,41,31,21,57,86,51,42,73,58,43,52,32,74,87,62,44,53,75,33,63,95,54,45,22,64,76,96,46,97,19,34,84,26,35,30,10,40
годовщин:10
umc31:52
воспроизвод:87
69:34
исполн:95
пол:10
2013кә:3
туганов:0
селезенк:87
фролов:10
индивидуальн:86,11,45,76
37:34,10
универсальн:98
минут:55
calpis:10
естествен:32,62,33,45,64,76,34
производств:11,32,62,33
микроскопия»:22
чаек:98
известн:98,57
имуществен:31,32,33,22,35
ег:31,87,84,30
to:2,3
качеств:57,52,32,33,55,76,35
сабант:10
livestream:2
астм:87
палеоэколог:32,62
your:2
хисарджиклыогл:10
прежд:76
госсоветник:10
теннис:3
рамк:52,75,76,26,10
«жил:10
инициатор:87
уж:11,76,84,35
феликсовн:35
кругозор:35
алд:3
«федерац:10
fact:2
показыва:42
евген:19
конкурс:20,56,65,0,85,98,47,41,31,21,57,86,51,42,11,73,58,43,74,32,52,87,62,44,53,75,33,63,95,54,45,22,64,76,96,46,97,19,34,84,26,10,30,40
губернаторск:10
t:10
исламоведческ:52
могут:11,87,76
экономическ:11,32,62,33,64,34,35,10
песошин:10
пособ:11
че:87
фз:95
opacity:55
pmcdpo:52
объединен:0,32,33
вовлеч:57
заманч:3
 департамент:95
гималетдинов:0
укытучысы”:3
счет:73,58,87,76,35
обучен:0,56,85,65,98,47,41,31,21,57,51,86,42,11,73,58,43,52,32,74,87,62,44,53,75,33,63,95,54,45,22,64,76,96,46,97,19,34,84,26,35,30,40
wastewat:2
включ:35
углублен:11
кружок:54
мен:65,85,56,47,41,31,98,21,57,11,51,86,42,73,58,43,74,52,32,44,62,87,53,75,33,63,95,54,45,22,64,96,76,46,97,19,34,84,26,35,30,10,40
ган:21,10
отчет:0,56,85,65,98,47,41,31,21,57,86,51,42,73,58,43,52,32,74,87,62,44,53,75,33,63,95,54,22,45,64,76,96,46,97,34,19,84,26,30,40
10 000:45
опорн:96
